30216.601000 0.0925036 -0.0123678 1.3240546 0.5406217 -0.5405979 0.4558302 -0.4557422
30216.602000 0.0925036 -0.0123678 1.3240546 0.5406217 -0.5405979 0.4558302 -0.4557422
30216.702000 0.0929199 -0.0124453 1.3240283 0.5406922 -0.5406634 0.4557185 -0.4556925
30216.802000 0.0929754 -0.0124452 1.3240237 0.5407155 -0.5406550 0.4556943 -0.4556990
30216.902000 0.0930028 -0.0124396 1.3240209 0.5407362 -0.5406420 0.4556756 -0.4557087
30217.003000 0.0930285 -0.0124339 1.3240181 0.5407575 -0.5406296 0.4556561 -0.4557176
30217.102000 0.0930530 -0.0124282 1.3240155 0.5407793 -0.5406177 0.4556359 -0.4557259
30217.202000 0.0930762 -0.0124225 1.3240129 0.5408015 -0.5406062 0.4556154 -0.4557337
30217.302000 0.0930985 -0.0124168 1.3240104 0.5408239 -0.5405949 0.4555946 -0.4557413
30217.402000 0.0931198 -0.0124111 1.3240080 0.5408464 -0.5405838 0.4555736 -0.4557488
30217.502000 0.0931398 -0.0124054 1.3240057 0.5408690 -0.5405726 0.4555527 -0.4557562
30217.602000 0.0931573 -0.0123997 1.3240036 0.5408911 -0.5405611 0.4555322 -0.4557642
30217.702000 0.0927797 -0.0123045 1.3240248 0.5408621 -0.5404672 0.4556091 -0.4558331
30217.802000 0.0931804 -0.0123827 1.3239997 0.5409356 -0.5405362 0.4554933 -0.4557798
30217.902000 0.0928089 -0.0122931 1.3240212 0.5409056 -0.5404433 0.4555690 -0.4558498
30218.002000 0.0932194 -0.0123723 1.3239952 0.5409810 -0.5405148 0.4554505 -0.4557939
30218.102000 0.0928440 -0.0122817 1.3240170 0.5409508 -0.5404212 0.4555269 -0.4558645
30218.202000 0.0932503 -0.0123599 1.3239913 0.5410258 -0.5404917 0.4554093 -0.4558094
30218.302000 0.0928787 -0.0122704 1.3240128 0.5409960 -0.5403990 0.4554848 -0.4558792
30218.403000 0.0932841 -0.0123485 1.3239872 0.5410709 -0.5404693 0.4553674 -0.4558242
30218.502000 0.0929120 -0.0122590 1.3240088 0.5410409 -0.5403765 0.4554430 -0.4558942
30218.602000 0.0933127 -0.0123363 1.3239834 0.5411150 -0.5404460 0.4553270 -0.4558400
30218.702000 0.0929524 -0.0122495 1.3240043 0.5410867 -0.5403556 0.4553995 -0.4559082
30218.802000 0.0933517 -0.0123265 1.3239791 0.5411605 -0.5404247 0.4552838 -0.4558543
30218.902000 0.0933891 -0.0123255 1.3239759 0.5411857 -0.5404177 0.4552577 -0.4558587
30219.003000 0.0929895 -0.0122306 1.3239992 0.5411519 -0.5403190 0.4553402 -0.4559333
30219.102000 0.0933926 -0.0123085 1.3239738 0.5412263 -0.5403888 0.4552235 -0.4558790
30219.202000 0.0934329 -0.0123083 1.3239704 0.5412516 -0.5403824 0.4551968 -0.4558830
30219.303000 0.0930324 -0.0122135 1.3239938 0.5412176 -0.5402836 0.4552796 -0.4559579
30219.403000 0.0930240 -0.0122031 1.3239934 0.5412363 -0.5402670 0.4552651 -0.4559698
30219.502000 0.0934481 -0.0122856 1.3239667 0.5413133 -0.5403411 0.4551433 -0.4559123
30219.602000 0.0930727 -0.0121964 1.3239887 0.5412825 -0.5402475 0.4552199 -0.4559833
30219.702000 0.0930636 -0.0121860 1.3239884 0.5413010 -0.5402307 0.4552056 -0.4559955
30219.802000 0.0930762 -0.0121803 1.3239868 0.5413225 -0.5402184 0.4551860 -0.4560042
30219.902000 0.0930886 -0.0121746 1.3239851 0.5413438 -0.5402061 0.4551664 -0.4560130
30220.002000 0.0931007 -0.0121689 1.3239836 0.5413649 -0.5401938 0.4551470 -0.4560218
30220.102000 0.0935229 -0.0122512 1.3239570 0.5414416 -0.5402672 0.4550257 -0.4559649
30220.202000 0.0935608 -0.0122511 1.3239539 0.5414663 -0.5402601 0.4549998 -0.4559697
30220.302000 0.0935722 -0.0122454 1.3239524 0.5414872 -0.5402476 0.4549807 -0.4559787
30220.402000 0.0935833 -0.0122396 1.3239509 0.5415084 -0.5402348 0.4549615 -0.4559881
30220.502000 0.0935942 -0.0122339 1.3239494 0.5415293 -0.5402220 0.4549424 -0.4559974
30220.602000 0.0931903 -0.0121394 1.3239733 0.5414943 -0.5401223 0.4550262 -0.4560734
30220.702000 0.0935893 -0.0122169 1.3239482 0.5415675 -0.5401909 0.4549109 -0.4560203
30220.802000 0.0932192 -0.0121297 1.3239700 0.5415370 -0.5400982 0.4549864 -0.4560910
30220.902000 0.0936090 -0.0122053 1.3239454 0.5416089 -0.5401648 0.4548734 -0.4560395
30221.002000 0.0936452 -0.0122052 1.3239424 0.5416330 -0.5401572 0.4548481 -0.4560449
30221.102000 0.0936548 -0.0121995 1.3239411 0.5416536 -0.5401441 0.4548295 -0.4560547
30221.202000 0.0932496 -0.0121051 1.3239651 0.5416182 -0.5400440 0.4549138 -0.4561311
30221.302000 0.0936473 -0.0121825 1.3239401 0.5416911 -0.5401122 0.4547989 -0.4560785
30221.402000 0.0932677 -0.0120937 1.3239625 0.5416590 -0.5400175 0.4548768 -0.4561509
30221.502000 0.0936650 -0.0121710 1.3239376 0.5417318 -0.5400855 0.4547621 -0.4560984
30221.602000 0.0932850 -0.0120823 1.3239601 0.5416996 -0.5399907 0.4548402 -0.4561710
30221.702000 0.0932713 -0.0120719 1.3239602 0.5417169 -0.5399726 0.4548274 -0.4561847
30221.802000 0.0932794 -0.0120662 1.3239590 0.5417370 -0.5399590 0.4548093 -0.4561949
30221.902000 0.0932874 -0.0120605 1.3239579 0.5417571 -0.5399454 0.4547911 -0.4562052
30222.002000 0.0937140 -0.0121441 1.3239311 0.5418337 -0.5400195 0.4546692 -0.4561481
30222.102000 0.0937393 -0.0121421 1.3239289 0.5418561 -0.5400095 0.4546468 -0.4561556
30222.202000 0.0937467 -0.0121364 1.3239278 0.5418760 -0.5399958 0.4546289 -0.4561661
30222.302000 0.0937539 -0.0121306 1.3239267 0.5418960 -0.5399819 0.4546111 -0.4561766
30222.403000 0.0937609 -0.0121249 1.3239256 0.5419158 -0.5399681 0.4545933 -0.4561871
30222.502000 0.0937678 -0.0121191 1.3239245 0.5419356 -0.5399542 0.4545755 -0.4561977
30222.602000 0.0933600 -0.0120252 1.3239488 0.5418995 -0.5398534 0.4546606 -0.4562751
30222.702000 0.0937634 -0.0121039 1.3239235 0.5419727 -0.5399225 0.4545445 -0.4562220
30222.802000 0.0937875 -0.0121019 1.3239214 0.5419948 -0.5399122 0.4545226 -0.4562299
30222.902000 0.0933792 -0.0120081 1.3239458 0.5419585 -0.5398113 0.4546078 -0.4563075
30223.002000 0.0933632 -0.0119977 1.3239461 0.5419751 -0.5397925 0.4545958 -0.4563219
30223.102000 0.0933691 -0.0119920 1.3239452 0.5419944 -0.5397785 0.4545785 -0.4563327
30223.202000 0.0933748 -0.0119863 1.3239442 0.5420141 -0.5397642 0.4545610 -0.4563438
30223.302000 0.0933804 -0.0119805 1.3239433 0.5420335 -0.5397499 0.4545437 -0.4563549
30223.402000 0.0938002 -0.0120628 1.3239170 0.5421087 -0.5398225 0.4544238 -0.4562991
30223.502000 0.0938278 -0.0120618 1.3239148 0.5421312 -0.5398126 0.4544009 -0.4563068
30223.603000 0.0934226 -0.0119690 1.3239390 0.5420950 -0.5397125 0.4544856 -0.4563839
30223.702000 0.0934014 -0.0119578 1.3239397 0.5421107 -0.5396926 0.4544750 -0.4563994
30223.802000 0.0938166 -0.0120390 1.3239137 0.5421855 -0.5397638 0.4543560 -0.4563447
30223.902000 0.0938476 -0.0120388 1.3239113 0.5422083 -0.5397548 0.4543325 -0.4563518
30224.002000 0.0938522 -0.0120331 1.3239104 0.5422273 -0.5397404 0.4543156 -0.4563630
30224.102000 0.0938566 -0.0120273 1.3239096 0.5422466 -0.5397256 0.4542985 -0.4563746
30224.202000 0.0934465 -0.0119338 1.3239342 0.5422097 -0.5396242 0.4543844 -0.4564528
30224.302000 0.0938393 -0.0120104 1.3239096 0.5422812 -0.5396909 0.4542712 -0.4564017
30224.402000 0.0938693 -0.0120101 1.3239072 0.5423037 -0.5396816 0.4542479 -0.4564091
30224.502000 0.0934669 -0.0119184 1.3239313 0.5422679 -0.5395819 0.4543318 -0.4564861
30224.602000 0.0934405 -0.0119063 1.3239324 0.5422828 -0.5395607 0.4543226 -0.4565026
30224.702000 0.0934442 -0.0119006 1.3239316 0.5423017 -0.5395459 0.4543059 -0.4565143
30224.802000 0.0934478 -0.0118949 1.3239309 0.5423206 -0.5395311 0.4542892 -0.4565260
30224.902000 0.0938620 -0.0119760 1.3239050 0.5423948 -0.5396021 0.4541708 -0.4564715
30225.002000 0.0934809 -0.0118891 1.3239279 0.5423616 -0.5395070 0.4542496 -0.4565451
30225.102000 0.0934579 -0.0118778 1.3239288 0.5423770 -0.5394864 0.4542394 -0.4565613
30225.202000 0.0934611 -0.0118721 1.3239281 0.5423958 -0.5394714 0.4542229 -0.4565731
30225.302000 0.0934641 -0.0118664 1.3239274 0.5424145 -0.5394564 0.4542064 -0.4565850
30225.402000 0.0934670 -0.0118607 1.3239267 0.5424332 -0.5394413 0.4541899 -0.4565970
30225.502000 0.0934699 -0.0118550 1.3239261 0.5424519 -0.5394263 0.4541735 -0.4566089
30225.602000 0.0934726 -0.0118493 1.3239254 0.5424705 -0.5394112 0.4541571 -0.4566209
30225.702000 0.0934752 -0.0118436 1.3239248 0.5424889 -0.5393962 0.4541409 -0.4566328
30225.803000 0.0934777 -0.0118379 1.3239241 0.5425077 -0.5393809 0.4541244 -0.4566450
30225.902000 0.0934801 -0.0118322 1.3239235 0.5425262 -0.5393657 0.4541082 -0.4566571
30226.002000 0.0938931 -0.0119129 1.3238977 0.5426002 -0.5394364 0.4539902 -0.4566030
30226.102000 0.0939213 -0.0119127 1.3238956 0.5426222 -0.5394266 0.4539675 -0.4566110
30226.202000 0.0935088 -0.0118197 1.3239204 0.5425847 -0.5393246 0.4540540 -0.4566900
30226.302000 0.0939036 -0.0118967 1.3238957 0.5426560 -0.5393916 0.4539407 -0.4566388
30226.402000 0.0939274 -0.0118955 1.3238938 0.5426775 -0.5393807 0.4539190 -0.4566477
30226.502000 0.0935142 -0.0118025 1.3239187 0.5426399 -0.5392785 0.4540057 -0.4567269
30226.603000 0.0934943 -0.0117922 1.3239195 0.5426553 -0.5392586 0.4539950 -0.4567427
30226.702000 0.0934960 -0.0117866 1.3239189 0.5426735 -0.5392434 0.4539791 -0.4567549
30226.802000 0.0934976 -0.0117809 1.3239184 0.5426920 -0.5392278 0.4539629 -0.4567674
30226.902000 0.0934991 -0.0117751 1.3239179 0.5427103 -0.5392123 0.4539470 -0.4567798
30227.002000 0.0935005 -0.0117695 1.3239173 0.5427286 -0.5391969 0.4539310 -0.4567922
30227.102000 0.0939167 -0.0118508 1.3238914 0.5428027 -0.5392682 0.4538125 -0.4567376
30227.202000 0.0935291 -0.0117636 1.3239147 0.5427684 -0.5391714 0.4538929 -0.4568128
30227.302000 0.0939189 -0.0118394 1.3238904 0.5428391 -0.5392371 0.4537807 -0.4567626
30227.402000 0.0935272 -0.0117512 1.3239140 0.5428044 -0.5391393 0.4538620 -0.4568386
30227.502000 0.0935064 -0.0117410 1.3239149 0.5428196 -0.5391191 0.4538516 -0.4568547
30227.602000 0.0935073 -0.0117353 1.3239144 0.5428377 -0.5391035 0.4538357 -0.4568673
30227.703000 0.0939272 -0.0118173 1.3238882 0.5429124 -0.5391754 0.4537162 -0.4568123
30227.802000 0.0939457 -0.0118154 1.3238867 0.5429328 -0.5391636 0.4536962 -0.4568220
30227.902000 0.0935315 -0.0117228 1.3239117 0.5428949 -0.5390611 0.4537831 -0.4569017
30228.002000 0.0935103 -0.0117125 1.3239126 0.5429101 -0.5390408 0.4537727 -0.4569179
30228.102000 0.0935109 -0.0117068 1.3239121 0.5429281 -0.5390251 0.4537570 -0.4569306
30228.202000 0.0935114 -0.0117011 1.3239117 0.5429461 -0.5390094 0.4537414 -0.4569433
30228.302000 0.0939226 -0.0117813 1.3238861 0.5430196 -0.5390794 0.4536240 -0.4568898
30228.402000 0.0935343 -0.0116943 1.3239095 0.5429851 -0.5389824 0.4537046 -0.4569653
30228.503000 0.0935126 -0.0116840 1.3239105 0.5430000 -0.5389620 0.4536945 -0.4569816
30228.602000 0.0935128 -0.0116783 1.3239101 0.5430180 -0.5389462 0.4536789 -0.4569945
30228.702000 0.0935130 -0.0116727 1.3239097 0.5430359 -0.5389303 0.4536633 -0.4570073
30228.802000 0.0935131 -0.0116670 1.3239093 0.5430538 -0.5389145 0.4536478 -0.4570202
30228.902000 0.0935132 -0.0116613 1.3239089 0.5430717 -0.5388986 0.4536323 -0.4570330
30229.002000 0.0935132 -0.0116556 1.3239085 0.5430896 -0.5388827 0.4536167 -0.4570459
30229.102000 0.0935131 -0.0116499 1.3239082 0.5431074 -0.5388668 0.4536013 -0.4570589
30229.202000 0.0939238 -0.0117299 1.3238826 0.5431808 -0.5389367 0.4534841 -0.4570055
30229.302000 0.0935349 -0.0116431 1.3239061 0.5431461 -0.5388395 0.4535649 -0.4570812
30229.402000 0.0935126 -0.0116329 1.3239071 0.5431609 -0.5388189 0.4535549 -0.4570977
30229.502000 0.0935123 -0.0116272 1.3239067 0.5431787 -0.5388030 0.4535395 -0.4571107
30229.602000 0.0935120 -0.0116215 1.3239064 0.5431965 -0.5387870 0.4535241 -0.4571237
30229.702000 0.0935116 -0.0116158 1.3239060 0.5432142 -0.5387709 0.4535087 -0.4571368
30229.802000 0.0935111 -0.0116101 1.3239057 0.5432320 -0.5387549 0.4534933 -0.4571498
30229.903000 0.0935106 -0.0116044 1.3239054 0.5432497 -0.5387389 0.4534780 -0.4571629
30230.002000 0.0935101 -0.0115988 1.3239051 0.5432674 -0.5387228 0.4534627 -0.4571760
30230.102000 0.0939203 -0.0116785 1.3238795 0.5433407 -0.5387925 0.4533457 -0.4571228
30230.202000 0.0935309 -0.0115920 1.3239031 0.5433058 -0.5386952 0.4534266 -0.4571986
30230.302000 0.0935081 -0.0115817 1.3239041 0.5433205 -0.5386745 0.4534168 -0.4572153
30230.402000 0.0939182 -0.0116614 1.3238786 0.5433937 -0.5387442 0.4532998 -0.4571621
30230.502000 0.0935286 -0.0115749 1.3239022 0.5433588 -0.5386469 0.4533808 -0.4572381
30230.602000 0.0935057 -0.0115647 1.3239032 0.5433734 -0.5386261 0.4533710 -0.4572548
30230.702000 0.0935048 -0.0115590 1.3239030 0.5433911 -0.5386099 0.4533558 -0.4572680
30230.802000 0.0935039 -0.0115533 1.3239027 0.5434087 -0.5385938 0.4533405 -0.4572812
30230.902000 0.0935029 -0.0115477 1.3239024 0.5434261 -0.5385777 0.4533255 -0.4572943
30231.002000 0.0935019 -0.0115420 1.3239021 0.5434439 -0.5385614 0.4533102 -0.4573077
30231.102000 0.0935008 -0.0115363 1.3239018 0.5434614 -0.5385451 0.4532950 -0.4573209
30231.202000 0.0934997 -0.0115306 1.3239016 0.5434790 -0.5385289 0.4532798 -0.4573342
30231.302000 0.0934985 -0.0115250 1.3239013 0.5434965 -0.5385127 0.4532647 -0.4573475
30231.403000 0.0934973 -0.0115193 1.3239011 0.5435141 -0.5384964 0.4532496 -0.4573608
30231.502000 0.0934961 -0.0115137 1.3239008 0.5435314 -0.5384803 0.4532346 -0.4573740
30231.602000 0.0939055 -0.0115929 1.3238753 0.5436047 -0.5385496 0.4531178 -0.4573211
30231.702000 0.0935198 -0.0115077 1.3238987 0.5435700 -0.5384532 0.4531979 -0.4573964
30231.802000 0.0934922 -0.0114966 1.3239001 0.5435841 -0.5384313 0.4531892 -0.4574141
30231.902000 0.0934908 -0.0114909 1.3238998 0.5436016 -0.5384149 0.4531741 -0.4574275
30232.002000 0.0939002 -0.0115702 1.3238744 0.5436747 -0.5384843 0.4530574 -0.4573745
30232.102000 0.0935141 -0.0114851 1.3238978 0.5436399 -0.5383879 0.4531376 -0.4574499
30232.202000 0.0934864 -0.0114739 1.3238991 0.5436540 -0.5383659 0.4531290 -0.4574677
30232.302000 0.0938958 -0.0115531 1.3238737 0.5437270 -0.5384353 0.4530123 -0.4574147
30232.402000 0.0935053 -0.0114672 1.3238974 0.5436918 -0.5383378 0.4530934 -0.4574909
30232.503000 0.0934817 -0.0114569 1.3238985 0.5437063 -0.5383168 0.4530839 -0.4575079
30232.602000 0.0934800 -0.0114513 1.3238983 0.5437237 -0.5383004 0.4530689 -0.4575214
30232.702000 0.0938893 -0.0115303 1.3238728 0.5437967 -0.5383697 0.4529523 -0.4574685
30232.803000 0.0934987 -0.0114445 1.3238965 0.5437615 -0.5382721 0.4530335 -0.4575448
30232.902000 0.0938900 -0.0115198 1.3238722 0.5438319 -0.5383379 0.4529215 -0.4574946
30233.002000 0.0934950 -0.0114331 1.3238961 0.5437962 -0.5382392 0.4530036 -0.4575718
30233.102000 0.0938823 -0.0115076 1.3238720 0.5438663 -0.5383040 0.4528925 -0.4575224
30233.202000 0.0934916 -0.0114218 1.3238957 0.5438310 -0.5382064 0.4529737 -0.4575987
30233.302000 0.0934677 -0.0114116 1.3238969 0.5438453 -0.5381853 0.4529642 -0.4576158
30233.402000 0.0934658 -0.0114060 1.3238967 0.5438627 -0.5381688 0.4529493 -0.4576294
30233.502000 0.0934639 -0.0114003 1.3238965 0.5438800 -0.5381523 0.4529344 -0.4576429
30233.602000 0.0934619 -0.0113947 1.3238963 0.5438973 -0.5381358 0.4529195 -0.4576565
30233.702000 0.0934599 -0.0113890 1.3238962 0.5439147 -0.5381193 0.4529046 -0.4576700
30233.802000 0.0934579 -0.0113833 1.3238960 0.5439320 -0.5381028 0.4528897 -0.4576836
30233.902000 0.0934559 -0.0113777 1.3238958 0.5439493 -0.5380863 0.4528748 -0.4576972
30234.002000 0.0934538 -0.0113720 1.3238956 0.5439666 -0.5380698 0.4528600 -0.4577108
30234.103000 0.0938710 -0.0114524 1.3238697 0.5440406 -0.5381407 0.4527415 -0.4576566
30234.202000 0.0934713 -0.0113652 1.3238940 0.5440041 -0.5380412 0.4528249 -0.4577345
30234.302000 0.0934475 -0.0113551 1.3238951 0.5440184 -0.5380201 0.4528154 -0.4577516
30234.402000 0.0934453 -0.0113494 1.3238950 0.5440357 -0.5380035 0.4528006 -0.4577652
30234.502000 0.0934432 -0.0113438 1.3238948 0.5440529 -0.5379870 0.4527858 -0.4577789
30234.602000 0.0934409 -0.0113381 1.3238947 0.5440702 -0.5379704 0.4527709 -0.4577925
30234.702000 0.0934387 -0.0113325 1.3238945 0.5440874 -0.5379538 0.4527561 -0.4578061
30234.802000 0.0934365 -0.0113269 1.3238944 0.5441045 -0.5379374 0.4527415 -0.4578197
30234.902000 0.0934342 -0.0113212 1.3238942 0.5441219 -0.5379206 0.4527265 -0.4578335
30235.002000 0.0938470 -0.0114005 1.3238686 0.5441952 -0.5379907 0.4526093 -0.4577799
30235.102000 0.0934595 -0.0113160 1.3238921 0.5441604 -0.5378936 0.4526895 -0.4578560
30235.202000 0.0938377 -0.0113882 1.3238686 0.5442292 -0.5379563 0.4525808 -0.4578081
30235.302000 0.0938618 -0.0113879 1.3238668 0.5442500 -0.5379452 0.4525594 -0.4578175
30235.402000 0.0934440 -0.0112974 1.3238922 0.5442109 -0.5378420 0.4526473 -0.4578984
30235.502000 0.0934200 -0.0112873 1.3238934 0.5442252 -0.5378208 0.4526379 -0.4579156
30235.602000 0.0934175 -0.0112816 1.3238933 0.5442424 -0.5378041 0.4526231 -0.4579294
30235.702000 0.0934151 -0.0112760 1.3238931 0.5442595 -0.5377875 0.4526084 -0.4579431
30235.802000 0.0934126 -0.0112704 1.3238930 0.5442767 -0.5377708 0.4525936 -0.4579568
30235.902000 0.0934102 -0.0112648 1.3238929 0.5442937 -0.5377543 0.4525790 -0.4579704
30236.002000 0.0934076 -0.0112591 1.3238928 0.5443111 -0.5377374 0.4525641 -0.4579843
30236.102000 0.0934051 -0.0112534 1.3238926 0.5443282 -0.5377207 0.4525494 -0.4579981
30236.202000 0.0934025 -0.0112478 1.3238925 0.5443454 -0.5377040 0.4525347 -0.4580118
30236.302000 0.0933999 -0.0112422 1.3238924 0.5443625 -0.5376873 0.4525200 -0.4580256
30236.402000 0.0933973 -0.0112365 1.3238923 0.5443797 -0.5376706 0.4525053 -0.4580394
30236.502000 0.0933948 -0.0112309 1.3238922 0.5443967 -0.5376541 0.4524907 -0.4580530
30236.603000 0.0933921 -0.0112252 1.3238921 0.5444140 -0.5376372 0.4524759 -0.4580669
30236.702000 0.0933895 -0.0112196 1.3238919 0.5444311 -0.5376205 0.4524612 -0.4580807
30236.802000 0.0933868 -0.0112140 1.3238918 0.5444482 -0.5376037 0.4524465 -0.4580945
30236.902000 0.0933841 -0.0112083 1.3238917 0.5444653 -0.5375870 0.4524318 -0.4581083
30237.002000 0.0937925 -0.0112863 1.3238664 0.5445382 -0.5376559 0.4523156 -0.4580556
30237.102000 0.0938158 -0.0112859 1.3238647 0.5445588 -0.5376445 0.4522945 -0.4580652
30237.202000 0.0933976 -0.0111958 1.3238901 0.5445196 -0.5375412 0.4523824 -0.4581463
30237.302000 0.0937844 -0.0112693 1.3238661 0.5445895 -0.5376056 0.4522716 -0.4580970
30237.402000 0.0938076 -0.0112689 1.3238644 0.5446102 -0.5375942 0.4522505 -0.4581067
30237.502000 0.0938048 -0.0112633 1.3238643 0.5446273 -0.5375774 0.4522358 -0.4581205
30237.602000 0.0933870 -0.0111734 1.3238897 0.5445881 -0.5374742 0.4523236 -0.4582015
30237.702000 0.0933621 -0.0111633 1.3238909 0.5446022 -0.5374528 0.4523144 -0.4582189
30237.802000 0.0933593 -0.0111576 1.3238908 0.5446193 -0.5374360 0.4522998 -0.4582328
30237.902000 0.0937759 -0.0112371 1.3238650 0.5446932 -0.5375066 0.4521816 -0.4581787
30238.002000 0.0933793 -0.0111516 1.3238891 0.5446567 -0.5374079 0.4522643 -0.4582562
30238.102000 0.0933507 -0.0111408 1.3238906 0.5446705 -0.5373856 0.4522559 -0.4582744
30238.202000 0.0937632 -0.0112193 1.3238650 0.5447437 -0.5374554 0.4521389 -0.4582209
30238.302000 0.0933668 -0.0111339 1.3238891 0.5447076 -0.5373565 0.4522212 -0.4582986
30238.402000 0.0937574 -0.0112080 1.3238648 0.5447778 -0.5374218 0.4521096 -0.4582486
30238.502000 0.0933610 -0.0111227 1.3238889 0.5447417 -0.5373229 0.4521920 -0.4583263
30238.602000 0.0937516 -0.0111967 1.3238646 0.5448120 -0.5373881 0.4520804 -0.4582764
30238.702000 0.0933551 -0.0111114 1.3238887 0.5447758 -0.5372892 0.4521627 -0.4583541
30238.802000 0.0933303 -0.0111014 1.3238900 0.5447899 -0.5372678 0.4521535 -0.4583716
30238.902000 0.0933273 -0.0110958 1.3238899 0.5448069 -0.5372510 0.4521389 -0.4583855
30239.002000 0.0933244 -0.0110901 1.3238898 0.5448240 -0.5372341 0.4521243 -0.4583994
30239.103000 0.0933214 -0.0110845 1.3238898 0.5448410 -0.5372173 0.4521097 -0.4584133
30239.202000 0.0933184 -0.0110789 1.3238897 0.5448581 -0.5372004 0.4520951 -0.4584272
30239.303000 0.0933154 -0.0110733 1.3238896 0.5448751 -0.5371835 0.4520805 -0.4584411
30239.402000 0.0933123 -0.0110677 1.3238895 0.5448921 -0.5371667 0.4520659 -0.4584550
30239.502000 0.0933093 -0.0110621 1.3238895 0.5449090 -0.5371499 0.4520514 -0.4584688
30239.603000 0.0933063 -0.0110564 1.3238894 0.5449262 -0.5371329 0.4520367 -0.4584829
30239.702000 0.0937144 -0.0111337 1.3238641 0.5449990 -0.5372016 0.4519206 -0.4584302
30239.802000 0.0933264 -0.0110505 1.3238877 0.5449636 -0.5371047 0.4520012 -0.4585064
30239.902000 0.0932971 -0.0110396 1.3238892 0.5449770 -0.5370824 0.4519931 -0.4585246
30240.002000 0.0937050 -0.0111167 1.3238639 0.5450500 -0.5371509 0.4518770 -0.4584721
30240.102000 0.0933129 -0.0110328 1.3238877 0.5450142 -0.5370530 0.4519583 -0.4585490
30240.202000 0.0936990 -0.0111055 1.3238637 0.5450841 -0.5371171 0.4518477 -0.4584999
30240.302000 0.0933067 -0.0110216 1.3238876 0.5450482 -0.5370192 0.4519292 -0.4585769
30240.402000 0.0932815 -0.0110115 1.3238889 0.5450623 -0.5369977 0.4519200 -0.4585945
30240.502000 0.0936980 -0.0110902 1.3238631 0.5451362 -0.5370681 0.4518020 -0.4585405
30240.603000 0.0932969 -0.0110046 1.3238874 0.5450992 -0.5369684 0.4518855 -0.4586189
30240.702000 0.0932721 -0.0109947 1.3238887 0.5451132 -0.5369469 0.4518763 -0.4586364
30240.802000 0.0932689 -0.0109891 1.3238887 0.5451301 -0.5369302 0.4518619 -0.4586502
30240.902000 0.0936852 -0.0110677 1.3238628 0.5452041 -0.5370004 0.4517438 -0.4585964
30241.002000 0.0936999 -0.0110657 1.3238617 0.5452234 -0.5369873 0.4517249 -0.4586073
30241.102000 0.0932812 -0.0109766 1.3238872 0.5451842 -0.5368838 0.4518127 -0.4586887
30241.202000 0.0932561 -0.0109666 1.3238884 0.5451982 -0.5368623 0.4518035 -0.4587063
30241.303000 0.0932529 -0.0109610 1.3238884 0.5452152 -0.5368453 0.4517890 -0.4587203
30241.402000 0.0932497 -0.0109555 1.3238883 0.5452320 -0.5368285 0.4517745 -0.4587341
30241.502000 0.0932465 -0.0109498 1.3238883 0.5452491 -0.5368114 0.4517599 -0.4587482
30241.602000 0.0936546 -0.0110266 1.3238630 0.5453219 -0.5368800 0.4516439 -0.4586956
30241.702000 0.0932621 -0.0109430 1.3238868 0.5452861 -0.5367821 0.4517253 -0.4587727
30241.802000 0.0932368 -0.0109330 1.3238881 0.5453000 -0.5367605 0.4517162 -0.4587903
30241.902000 0.0936449 -0.0110097 1.3238628 0.5453729 -0.5368291 0.4516003 -0.4587376
30242.002000 0.0932523 -0.0109262 1.3238867 0.5453370 -0.5367312 0.4516817 -0.4588147
30242.102000 0.0936383 -0.0109985 1.3238627 0.5454068 -0.5367952 0.4515712 -0.4587656
30242.203000 0.0936610 -0.0109980 1.3238611 0.5454273 -0.5367836 0.4515502 -0.4587754
30242.303000 0.0932425 -0.0109094 1.3238865 0.5453879 -0.5366802 0.4516380 -0.4588567
30242.403000 0.0932171 -0.0108994 1.3238879 0.5454018 -0.5366587 0.4516289 -0.4588743
30242.502000 0.0932138 -0.0108938 1.3238878 0.5454188 -0.5366417 0.4516144 -0.4588884
30242.602000 0.0932105 -0.0108882 1.3238878 0.5454357 -0.5366247 0.4515999 -0.4589024
30242.702000 0.0932072 -0.0108826 1.3238877 0.5454527 -0.5366077 0.4515853 -0.4589164
30242.803000 0.0932039 -0.0108770 1.3238877 0.5454696 -0.5365907 0.4515708 -0.4589304
30242.903000 0.0932006 -0.0108714 1.3238876 0.5454866 -0.5365737 0.4515563 -0.4589445
30243.002000 0.0931972 -0.0108658 1.3238876 0.5455035 -0.5365567 0.4515417 -0.4589585
30243.103000 0.0931939 -0.0108602 1.3238876 0.5455205 -0.5365397 0.4515272 -0.4589725
30243.202000 0.0931905 -0.0108546 1.3238875 0.5455374 -0.5365227 0.4515127 -0.4589866
30243.302000 0.0931872 -0.0108490 1.3238875 0.5455544 -0.5365056 0.4514981 -0.4590006
30243.402000 0.0931838 -0.0108434 1.3238874 0.5455713 -0.5364886 0.4514836 -0.4590147
30243.502000 0.0931805 -0.0108379 1.3238874 0.5455881 -0.5364718 0.4514692 -0.4590286
30243.602000 0.0931771 -0.0108322 1.3238874 0.5456052 -0.5364546 0.4514546 -0.4590427
30243.702000 0.0931737 -0.0108266 1.3238873 0.5456221 -0.5364376 0.4514400 -0.4590568
30243.802000 0.0935859 -0.0109038 1.3238618 0.5456954 -0.5365071 0.4513233 -0.4590033
30243.902000 0.0931888 -0.0108198 1.3238859 0.5456590 -0.5364081 0.4514056 -0.4590813
30244.002000 0.0931636 -0.0108099 1.3238872 0.5456729 -0.5363865 0.4513964 -0.4590990
30244.102000 0.0935716 -0.0108860 1.3238619 0.5457458 -0.5364549 0.4512806 -0.4590463
30244.202000 0.0931831 -0.0108040 1.3238856 0.5457102 -0.5363580 0.4513611 -0.4591227
30244.302000 0.0931534 -0.0107931 1.3238871 0.5457237 -0.5363354 0.4513529 -0.4591411
30244.402000 0.0931500 -0.0107875 1.3238871 0.5457407 -0.5363183 0.4513384 -0.4591552
30244.503000 0.0935663 -0.0108652 1.3238613 0.5458147 -0.5363885 0.4512204 -0.4591012
30244.602000 0.0931648 -0.0107806 1.3238857 0.5457775 -0.5362887 0.4513040 -0.4591798
30244.702000 0.0931397 -0.0107708 1.3238870 0.5457915 -0.5362671 0.4512948 -0.4591974
30244.802000 0.0931363 -0.0107652 1.3238870 0.5458084 -0.5362501 0.4512803 -0.4592115
30244.902000 0.0935526 -0.0108428 1.3238612 0.5458824 -0.5363203 0.4511624 -0.4591574
30245.002000 0.0931510 -0.0107583 1.3238856 0.5458452 -0.5362205 0.4512459 -0.4592361
30245.102000 0.0931259 -0.0107484 1.3238869 0.5458592 -0.5361989 0.4512367 -0.4592537
30245.202000 0.0935340 -0.0108243 1.3238616 0.5459320 -0.5362673 0.4511209 -0.4592010
30245.302000 0.0935565 -0.0108238 1.3238600 0.5459525 -0.5362557 0.4510999 -0.4592108
30245.402000 0.0931377 -0.0107360 1.3238855 0.5459129 -0.5361523 0.4511877 -0.4592924
30245.502000 0.0935320 -0.0108091 1.3238610 0.5459839 -0.5362178 0.4510753 -0.4592419
30245.603000 0.0931303 -0.0107248 1.3238854 0.5459467 -0.5361180 0.4511588 -0.4593206
30245.702000 0.0931052 -0.0107149 1.3238867 0.5459607 -0.5360965 0.4511496 -0.4593382
30245.802000 0.0931017 -0.0107094 1.3238867 0.5459776 -0.5360794 0.4511351 -0.4593523
30245.902000 0.0930982 -0.0107038 1.3238867 0.5459945 -0.5360623 0.4511206 -0.4593664
30246.002000 0.0935063 -0.0107795 1.3238614 0.5460674 -0.5361307 0.4510047 -0.4593137
30246.103000 0.0931175 -0.0106979 1.3238850 0.5460317 -0.5360337 0.4510852 -0.4593902
30246.202000 0.0930878 -0.0106871 1.3238866 0.5460452 -0.5360110 0.4510770 -0.4594086
30246.302000 0.0930843 -0.0106815 1.3238866 0.5460622 -0.5359939 0.4510625 -0.4594227
30246.402000 0.0930808 -0.0106759 1.3238866 0.5460791 -0.5359768 0.4510480 -0.4594368
30246.503000 0.0930773 -0.0106703 1.3238865 0.5460960 -0.5359597 0.4510335 -0.4594509
30246.603000 0.0930738 -0.0106647 1.3238865 0.5461129 -0.5359426 0.4510190 -0.4594650
30246.702000 0.0930703 -0.0106592 1.3238865 0.5461298 -0.5359255 0.4510044 -0.4594791
30246.802000 0.0930667 -0.0106536 1.3238865 0.5461467 -0.5359084 0.4509899 -0.4594932
30246.902000 0.0930633 -0.0106481 1.3238864 0.5461634 -0.5358915 0.4509755 -0.4595072
30247.002000 0.0934711 -0.0107234 1.3238612 0.5462365 -0.5359596 0.4508597 -0.4594546
30247.102000 0.0930865 -0.0106429 1.3238845 0.5462015 -0.5358634 0.4509389 -0.4595306
30247.202000 0.0930527 -0.0106314 1.3238864 0.5462142 -0.5358401 0.4509320 -0.4595495
30247.302000 0.0930491 -0.0106258 1.3238864 0.5462312 -0.5358229 0.4509173 -0.4595638
30247.403000 0.0934655 -0.0107027 1.3238605 0.5463053 -0.5358929 0.4507995 -0.4595097
30247.502000 0.0930637 -0.0106189 1.3238850 0.5462680 -0.5357931 0.4508830 -0.4595885
30247.602000 0.0934543 -0.0106908 1.3238608 0.5463384 -0.5358579 0.4507716 -0.4595385
30247.702000 0.0930610 -0.0106086 1.3238847 0.5463022 -0.5357599 0.4508530 -0.4596159
30247.803000 0.0930314 -0.0105979 1.3238863 0.5463157 -0.5357372 0.4508448 -0.4596343
30247.902000 0.0930279 -0.0105923 1.3238862 0.5463326 -0.5357201 0.4508302 -0.4596485
30248.002000 0.0930243 -0.0105868 1.3238862 0.5463496 -0.5357030 0.4508157 -0.4596626
30248.102000 0.0930208 -0.0105812 1.3238862 0.5463665 -0.5356858 0.4508012 -0.4596767
30248.202000 0.0930172 -0.0105757 1.3238862 0.5463834 -0.5356687 0.4507867 -0.4596908
30248.302000 0.0930137 -0.0105701 1.3238862 0.5464003 -0.5356515 0.4507722 -0.4597050
30248.402000 0.0930101 -0.0105645 1.3238862 0.5464172 -0.5356344 0.4507576 -0.4597191
30248.502000 0.0930065 -0.0105590 1.3238861 0.5464341 -0.5356173 0.4507431 -0.4597332
30248.602000 0.0934188 -0.0106349 1.3238606 0.5465074 -0.5356866 0.4506265 -0.4596796
30248.702000 0.0930213 -0.0105521 1.3238848 0.5464708 -0.5355875 0.4507087 -0.4597579
30248.802000 0.0934117 -0.0106237 1.3238606 0.5465412 -0.5356523 0.4505974 -0.4597079
30248.902000 0.0930141 -0.0105410 1.3238847 0.5465046 -0.5355532 0.4506797 -0.4597862
30249.002000 0.0929887 -0.0105312 1.3238861 0.5465185 -0.5355315 0.4506705 -0.4598038
30249.102000 0.0929851 -0.0105256 1.3238860 0.5465354 -0.5355143 0.4506560 -0.4598180
30249.202000 0.0933974 -0.0106013 1.3238605 0.5466088 -0.5355836 0.4505394 -0.4597644
30249.302000 0.0930080 -0.0105204 1.3238842 0.5465733 -0.5354863 0.4506196 -0.4598414
30249.402000 0.0929743 -0.0105089 1.3238860 0.5465861 -0.5354629 0.4506124 -0.4598604
30249.502000 0.0929708 -0.0105034 1.3238860 0.5466029 -0.5354458 0.4505981 -0.4598744
30249.602000 0.0929672 -0.0104978 1.3238860 0.5466199 -0.5354285 0.4505834 -0.4598886
30249.702000 0.0929636 -0.0104923 1.3238860 0.5466368 -0.5354113 0.4505689 -0.4599028
30249.802000 0.0929600 -0.0104867 1.3238859 0.5466537 -0.5353942 0.4505544 -0.4599169
30249.902000 0.0933681 -0.0105614 1.3238606 0.5467267 -0.5354624 0.4504386 -0.4598641
30250.002000 0.0929749 -0.0104799 1.3238846 0.5466905 -0.5353644 0.4505199 -0.4599416
30250.102000 0.0929492 -0.0104701 1.3238859 0.5467044 -0.5353426 0.4505108 -0.4599594
30250.202000 0.0929456 -0.0104645 1.3238859 0.5467213 -0.5353255 0.4504962 -0.4599735
30250.302000 0.0929420 -0.0104590 1.3238859 0.5467382 -0.5353083 0.4504817 -0.4599876
30250.402000 0.0929384 -0.0104534 1.3238859 0.5467551 -0.5352911 0.4504672 -0.4600018
30250.502000 0.0929348 -0.0104479 1.3238858 0.5467718 -0.5352741 0.4504528 -0.4600158
30250.602000 0.0933427 -0.0105223 1.3238606 0.5468449 -0.5353421 0.4503370 -0.4599632
30250.703000 0.0933653 -0.0105219 1.3238589 0.5468654 -0.5353303 0.4503160 -0.4599730
30250.803000 0.0933617 -0.0105163 1.3238589 0.5468823 -0.5353131 0.4503015 -0.4599872
30250.903000 0.0929424 -0.0104300 1.3238844 0.5468425 -0.5352097 0.4503891 -0.4600689
30251.002000 0.0933285 -0.0105001 1.3238605 0.5469125 -0.5352733 0.4502788 -0.4600197
30251.102000 0.0929351 -0.0104189 1.3238844 0.5468763 -0.5351753 0.4503601 -0.4600972
30251.202000 0.0929094 -0.0104090 1.3238858 0.5468902 -0.5351536 0.4503510 -0.4601150
30251.302000 0.0929058 -0.0104035 1.3238858 0.5469069 -0.5351365 0.4503366 -0.4601290
30251.402000 0.0929022 -0.0103980 1.3238857 0.5469238 -0.5351193 0.4503220 -0.4601431
30251.502000 0.0928985 -0.0103924 1.3238857 0.5469409 -0.5351020 0.4503074 -0.4601574
30251.602000 0.0928949 -0.0103868 1.3238857 0.5469578 -0.5350847 0.4502928 -0.4601716
30251.702000 0.0928913 -0.0103813 1.3238857 0.5469747 -0.5350675 0.4502783 -0.4601858
30251.802000 0.0932995 -0.0104555 1.3238604 0.5470477 -0.5351357 0.4501626 -0.4601329
30251.902000 0.0929061 -0.0103745 1.3238843 0.5470115 -0.5350377 0.4502438 -0.4602105
30252.002000 0.0928804 -0.0103647 1.3238857 0.5470252 -0.5350161 0.4502348 -0.4602281
30252.103000 0.0932883 -0.0104388 1.3238604 0.5470983 -0.5350840 0.4501190 -0.4601754
30252.202000 0.0928952 -0.0103579 1.3238843 0.5470621 -0.5349860 0.4502002 -0.4602529
30252.302000 0.0932896 -0.0104293 1.3238599 0.5471333 -0.5350513 0.4500878 -0.4602023
30252.403000 0.0933037 -0.0104272 1.3238588 0.5471524 -0.5350379 0.4500691 -0.4602135
30252.502000 0.0928840 -0.0103412 1.3238843 0.5471128 -0.5349343 0.4501566 -0.4602955
30252.602000 0.0928585 -0.0103314 1.3238856 0.5471267 -0.5349126 0.4501474 -0.4603132
30252.702000 0.0932667 -0.0104054 1.3238603 0.5471997 -0.5349807 0.4500317 -0.4602603
30252.803000 0.0928733 -0.0103246 1.3238843 0.5471635 -0.5348827 0.4501129 -0.4603379
30252.902000 0.0928475 -0.0103148 1.3238856 0.5471773 -0.5348609 0.4501038 -0.4603557
30253.002000 0.0932641 -0.0103904 1.3238598 0.5472515 -0.5349307 0.4499861 -0.4603015
30253.102000 0.0932781 -0.0103882 1.3238587 0.5472708 -0.5349171 0.4499672 -0.4603128
30253.202000 0.0932745 -0.0103826 1.3238587 0.5472877 -0.5348999 0.4499526 -0.4603269
30253.303000 0.0928546 -0.0102969 1.3238842 0.5472479 -0.5347964 0.4500403 -0.4604088
30253.402000 0.0928292 -0.0102872 1.3238856 0.5472618 -0.5347747 0.4500311 -0.4604265
30253.502000 0.0932458 -0.0103626 1.3238598 0.5473360 -0.5348445 0.4499133 -0.4603723
30253.602000 0.0932599 -0.0103604 1.3238587 0.5473553 -0.5348309 0.4498944 -0.4603836
30253.703000 0.0928399 -0.0102747 1.3238842 0.5473154 -0.5347274 0.4499821 -0.4604655
30253.802000 0.0932265 -0.0103443 1.3238603 0.5473855 -0.5347910 0.4498717 -0.4604162
30253.902000 0.0928330 -0.0102638 1.3238842 0.5473493 -0.5346930 0.4499529 -0.4604938
30254.002000 0.0932234 -0.0103340 1.3238600 0.5474197 -0.5347576 0.4498417 -0.4604437
30254.102000 0.0928255 -0.0102527 1.3238842 0.5473830 -0.5346585 0.4499238 -0.4605222
30254.202000 0.0927999 -0.0102429 1.3238855 0.5473969 -0.5346367 0.4499146 -0.4605399
30254.302000 0.0927963 -0.0102374 1.3238855 0.5474138 -0.5346194 0.4499001 -0.4605541
30254.402000 0.0927926 -0.0102319 1.3238855 0.5474307 -0.5346022 0.4498855 -0.4605683
30254.502000 0.0927889 -0.0102264 1.3238855 0.5474474 -0.5345851 0.4498711 -0.4605823
30254.602000 0.0932013 -0.0103006 1.3238599 0.5475214 -0.5346537 0.4497541 -0.4605290
30254.702000 0.0932196 -0.0102993 1.3238586 0.5475411 -0.5346411 0.4497343 -0.4605395
30254.802000 0.0928000 -0.0102140 1.3238841 0.5475013 -0.5345377 0.4498219 -0.4606214
30254.903000 0.0927742 -0.0102043 1.3238855 0.5475152 -0.5345159 0.4498127 -0.4606392
30255.003000 0.0927706 -0.0101988 1.3238855 0.5475319 -0.5344988 0.4497983 -0.4606532
30255.102000 0.0931786 -0.0102721 1.3238602 0.5476051 -0.5345666 0.4496826 -0.4606005
30255.203000 0.0927853 -0.0101919 1.3238841 0.5475689 -0.5344686 0.4497636 -0.4606781
30255.302000 0.0931756 -0.0102619 1.3238599 0.5476394 -0.5345331 0.4496525 -0.4606280
30255.402000 0.0927777 -0.0101808 1.3238841 0.5476026 -0.5344340 0.4497345 -0.4607065
30255.502000 0.0927521 -0.0101711 1.3238854 0.5476165 -0.5344122 0.4497253 -0.4607243
30255.602000 0.0927484 -0.0101656 1.3238854 0.5476334 -0.5343949 0.4497108 -0.4607384
30255.702000 0.0927447 -0.0101601 1.3238854 0.5476503 -0.5343777 0.4496962 -0.4607526
30255.802000 0.0927410 -0.0101546 1.3238854 0.5476672 -0.5343604 0.4496816 -0.4607668
30255.902000 0.0927374 -0.0101490 1.3238854 0.5476841 -0.5343431 0.4496671 -0.4607810
30256.002000 0.0927337 -0.0101436 1.3238854 0.5477008 -0.5343260 0.4496526 -0.4607950
30256.102000 0.0927300 -0.0101380 1.3238854 0.5477179 -0.5343085 0.4496379 -0.4608094
30256.202000 0.0931383 -0.0102111 1.3238601 0.5477910 -0.5343765 0.4495222 -0.4607564
30256.302000 0.0927447 -0.0101312 1.3238840 0.5477547 -0.5342785 0.4496033 -0.4608341
30256.402000 0.0927189 -0.0101215 1.3238854 0.5477686 -0.5342566 0.4495942 -0.4608519
30256.503000 0.0927152 -0.0101160 1.3238854 0.5477855 -0.5342393 0.4495796 -0.4608661
30256.602000 0.0927115 -0.0101104 1.3238854 0.5478024 -0.5342220 0.4495650 -0.4608803
30256.702000 0.0927078 -0.0101049 1.3238854 0.5478193 -0.5342047 0.4495504 -0.4608945
30256.803000 0.0927041 -0.0100994 1.3238854 0.5478362 -0.5341874 0.4495359 -0.4609087
30256.902000 0.0927004 -0.0100939 1.3238854 0.5478531 -0.5341701 0.4495213 -0.4609229
30257.002000 0.0931083 -0.0101667 1.3238601 0.5479261 -0.5342380 0.4494057 -0.4608700
30257.102000 0.0931311 -0.0101662 1.3238585 0.5479467 -0.5342262 0.4493847 -0.4608799
30257.202000 0.0927114 -0.0100816 1.3238840 0.5479068 -0.5341228 0.4494721 -0.4609619
30257.302000 0.0930977 -0.0101502 1.3238601 0.5479769 -0.5341862 0.4493619 -0.4609125
30257.402000 0.0927123 -0.0100721 1.3238835 0.5479417 -0.5340899 0.4494409 -0.4609889
30257.502000 0.0926782 -0.0100608 1.3238853 0.5479544 -0.5340663 0.4494338 -0.4610081
30257.602000 0.0930908 -0.0101344 1.3238598 0.5480280 -0.5341353 0.4493172 -0.4609543
30257.702000 0.0926927 -0.0100540 1.3238840 0.5479912 -0.5340362 0.4493992 -0.4610329
30257.802000 0.0926671 -0.0100443 1.3238853 0.5480051 -0.5340143 0.4493900 -0.4610507
30257.902000 0.0930755 -0.0101170 1.3238600 0.5480783 -0.5340823 0.4492743 -0.4609977
30258.002000 0.0930978 -0.0101164 1.3238584 0.5480988 -0.5340703 0.4492534 -0.4610076
30258.102000 0.0926863 -0.0100336 1.3238834 0.5480600 -0.5339687 0.4493388 -0.4610883
30258.202000 0.0926522 -0.0100223 1.3238853 0.5480727 -0.5339451 0.4493316 -0.4611074
30258.303000 0.0926485 -0.0100168 1.3238853 0.5480896 -0.5339277 0.4493170 -0.4611216
30258.402000 0.0930570 -0.0100893 1.3238600 0.5481628 -0.5339957 0.4492014 -0.4610686
30258.502000 0.0926673 -0.0100107 1.3238837 0.5481272 -0.5338983 0.4492812 -0.4611459
30258.602000 0.0930535 -0.0100791 1.3238598 0.5481970 -0.5339620 0.4491713 -0.4610963
30258.702000 0.0930719 -0.0100777 1.3238584 0.5482169 -0.5339492 0.4491513 -0.4611069
30258.802000 0.0930682 -0.0100722 1.3238584 0.5482338 -0.5339319 0.4491367 -0.4611211
30258.902000 0.0930644 -0.0100666 1.3238584 0.5482509 -0.5339144 0.4491220 -0.4611354
30259.002000 0.0930608 -0.0100611 1.3238584 0.5482676 -0.5338972 0.4491075 -0.4611495
30259.102000 0.0926407 -0.0099769 1.3238839 0.5482278 -0.5337936 0.4491948 -0.4612317
30259.202000 0.0930273 -0.0100451 1.3238600 0.5482981 -0.5338570 0.4490845 -0.4611822
30259.302000 0.0926335 -0.0099660 1.3238839 0.5482617 -0.5337589 0.4491655 -0.4612601
30259.402000 0.0926076 -0.0099563 1.3238853 0.5482755 -0.5337370 0.4491564 -0.4612779
30259.502000 0.0930156 -0.0100284 1.3238600 0.5483487 -0.5338048 0.4490409 -0.4612249
30259.602000 0.0930384 -0.0100279 1.3238584 0.5483692 -0.5337929 0.4490197 -0.4612348
30259.703000 0.0930348 -0.0100225 1.3238584 0.5483860 -0.5337757 0.4490053 -0.4612489
30259.802000 0.0926234 -0.0099401 1.3238834 0.5483473 -0.5336740 0.4490904 -0.4613297
30259.902000 0.0930007 -0.0100064 1.3238600 0.5484163 -0.5337354 0.4489824 -0.4612818
30260.002000 0.0926157 -0.0099290 1.3238834 0.5483811 -0.5336392 0.4490612 -0.4613582
30260.102000 0.0929933 -0.0099953 1.3238600 0.5484501 -0.5337007 0.4489532 -0.4613102
30260.202000 0.0930161 -0.0099948 1.3238584 0.5484707 -0.5336888 0.4489320 -0.4613201
30260.302000 0.0926004 -0.0099118 1.3238836 0.5484311 -0.5335864 0.4490185 -0.4614014
30260.402000 0.0925704 -0.0099014 1.3238852 0.5484444 -0.5335636 0.4490103 -0.4614198
30260.502000 0.0925667 -0.0098959 1.3238852 0.5484615 -0.5335461 0.4489956 -0.4614342
30260.602000 0.0929752 -0.0099678 1.3238599 0.5485348 -0.5336140 0.4488799 -0.4613811
30260.702000 0.0929975 -0.0099672 1.3238583 0.5485552 -0.5336020 0.4488589 -0.4613911
30260.802000 0.0925776 -0.0098836 1.3238839 0.5485152 -0.5334986 0.4489463 -0.4614732
30260.902000 0.0929640 -0.0099513 1.3238599 0.5485855 -0.5335618 0.4488361 -0.4614238
30261.002000 0.0929863 -0.0099507 1.3238583 0.5486060 -0.5335499 0.4488151 -0.4614337
30261.102000 0.0929826 -0.0099452 1.3238583 0.5486227 -0.5335326 0.4488006 -0.4614478
30261.202000 0.0925624 -0.0098616 1.3238839 0.5485828 -0.5334290 0.4488878 -0.4615301
30261.302000 0.0925368 -0.0098520 1.3238852 0.5485966 -0.5334073 0.4488787 -0.4615478
30261.402000 0.0929493 -0.0099245 1.3238597 0.5486704 -0.5334759 0.4487621 -0.4614941
30261.503000 0.0929677 -0.0099231 1.3238583 0.5486905 -0.5334630 0.4487419 -0.4615048
30261.603000 0.0925477 -0.0098396 1.3238838 0.5486505 -0.5333596 0.4488292 -0.4615870
30261.702000 0.0929302 -0.0099065 1.3238602 0.5487201 -0.5334221 0.4487201 -0.4615380
30261.802000 0.0929565 -0.0099066 1.3238583 0.5487413 -0.5334108 0.4486980 -0.4615474
30261.902000 0.0925365 -0.0098232 1.3238838 0.5487013 -0.5333074 0.4487853 -0.4616296
30262.003000 0.0929230 -0.0098907 1.3238599 0.5487715 -0.5333706 0.4486751 -0.4615801
30262.102000 0.0925290 -0.0098122 1.3238838 0.5487351 -0.5332726 0.4487560 -0.4616581
30262.202000 0.0925031 -0.0098026 1.3238852 0.5487490 -0.5332507 0.4487468 -0.4616759
30262.302000 0.0924994 -0.0097971 1.3238852 0.5487659 -0.5332333 0.4487321 -0.4616901
30262.402000 0.0924957 -0.0097916 1.3238852 0.5487828 -0.5332159 0.4487175 -0.4617043
30262.502000 0.0924919 -0.0097862 1.3238852 0.5487997 -0.5331985 0.4487028 -0.4617186
30262.602000 0.0924882 -0.0097807 1.3238852 0.5488166 -0.5331811 0.4486882 -0.4617328
30262.702000 0.0929010 -0.0098529 1.3238596 0.5488904 -0.5332499 0.4485717 -0.4616789
30262.802000 0.0925026 -0.0097738 1.3238838 0.5488535 -0.5331508 0.4486535 -0.4617577
30262.902000 0.0924770 -0.0097643 1.3238852 0.5488672 -0.5331290 0.4486444 -0.4617753
30263.002000 0.0924732 -0.0097588 1.3238852 0.5488843 -0.5331115 0.4486296 -0.4617897
30263.102000 0.0928818 -0.0098301 1.3238599 0.5489576 -0.5331792 0.4485140 -0.4617366
30263.202000 0.0929041 -0.0098295 1.3238583 0.5489781 -0.5331672 0.4484929 -0.4617465
30263.302000 0.0924841 -0.0097465 1.3238838 0.5489381 -0.5330638 0.4485802 -0.4618288
30263.402000 0.0924582 -0.0097369 1.3238852 0.5489520 -0.5330418 0.4485709 -0.4618466
30263.503000 0.0924544 -0.0097314 1.3238852 0.5489689 -0.5330244 0.4485563 -0.4618608
30263.602000 0.0924507 -0.0097259 1.3238852 0.5489858 -0.5330070 0.4485416 -0.4618751
30263.702000 0.0924469 -0.0097205 1.3238852 0.5490027 -0.5329896 0.4485269 -0.4618893
30263.802000 0.0924432 -0.0097150 1.3238852 0.5490197 -0.5329721 0.4485123 -0.4619035
30263.902000 0.0924394 -0.0097095 1.3238852 0.5490366 -0.5329547 0.4484976 -0.4619177
30264.002000 0.0924357 -0.0097041 1.3238852 0.5490535 -0.5329373 0.4484829 -0.4619320
30264.102000 0.0924320 -0.0096986 1.3238852 0.5490703 -0.5329200 0.4484684 -0.4619461
30264.202000 0.0924282 -0.0096931 1.3238852 0.5490873 -0.5329024 0.4484536 -0.4619604
30264.303000 0.0928369 -0.0097641 1.3238599 0.5491607 -0.5329702 0.4483380 -0.4619073
30264.402000 0.0928592 -0.0097635 1.3238583 0.5491812 -0.5329581 0.4483170 -0.4619173
30264.502000 0.0928554 -0.0097580 1.3238583 0.5491981 -0.5329407 0.4483023 -0.4619315
30264.602000 0.0928517 -0.0097525 1.3238583 0.5492151 -0.5329232 0.4482876 -0.4619457
30264.703000 0.0924357 -0.0096707 1.3238835 0.5491754 -0.5328209 0.4483739 -0.4620272
30264.802000 0.0924056 -0.0096603 1.3238851 0.5491889 -0.5327978 0.4483656 -0.4620458
30264.902000 0.0924019 -0.0096548 1.3238851 0.5492058 -0.5327804 0.4483509 -0.4620601
30265.002000 0.0923981 -0.0096494 1.3238851 0.5492227 -0.5327630 0.4483362 -0.4620743
30265.102000 0.0923943 -0.0096439 1.3238851 0.5492397 -0.5327455 0.4483215 -0.4620885
30265.202000 0.0923906 -0.0096385 1.3238851 0.5492566 -0.5327281 0.4483068 -0.4621028
30265.303000 0.0923868 -0.0096330 1.3238851 0.5492735 -0.5327106 0.4482921 -0.4621170
30265.402000 0.0927956 -0.0097037 1.3238599 0.5493469 -0.5327783 0.4481766 -0.4620638
30265.502000 0.1031649 -0.0123204 1.3239585 0.5412042 -0.5403623 0.4552444 -0.4559157
30265.602000 0.1037957 -0.0124516 1.3239552 0.5408028 -0.5407656 0.4555833 -0.4555752
30265.702000 0.1038269 -0.0124457 1.3239521 0.5408216 -0.5407507 0.4555669 -0.4555870
30265.802000 0.1038558 -0.0124400 1.3239491 0.5408416 -0.5407369 0.4555490 -0.4555974
30265.902000 0.1034680 -0.0123445 1.3239716 0.5408063 -0.5406371 0.4556333 -0.4556734
30266.002000 0.1038867 -0.0124238 1.3239449 0.5408809 -0.5407073 0.4555159 -0.4556191
30266.102000 0.1039330 -0.0124229 1.3239408 0.5409056 -0.5407003 0.4554903 -0.4556236
30266.202000 0.1039564 -0.0124171 1.3239382 0.5409281 -0.5406888 0.4554695 -0.4556315
30266.302000 0.1039791 -0.0124114 1.3239357 0.5409506 -0.5406776 0.4554485 -0.4556389
30266.402000 0.1040012 -0.0124056 1.3239331 0.5409734 -0.5406667 0.4554272 -0.4556460
30266.502000 0.1040232 -0.0123999 1.3239306 0.5409963 -0.5406562 0.4554058 -0.4556528
30266.602000 0.1040471 -0.0123941 1.3239279 0.5410201 -0.5406460 0.4553834 -0.4556590
30266.703000 0.1036319 -0.0122979 1.3239528 0.5409828 -0.5405435 0.4554705 -0.4557378
30266.803000 0.1040541 -0.0123780 1.3239256 0.5410605 -0.5406173 0.4553490 -0.4556795
