32709.856000 0.0926302 -0.0123884 1.3240489 -0.5405671 0.5406077 -0.4558651 0.4557604
32709.856000 0.0926302 -0.0123884 1.3240489 -0.5405671 0.5406077 -0.4558651 0.4557604
32709.936000 0.0924456 -0.0123696 1.3240600 0.5406003 -0.5405818 0.4558481 -0.4557687
32710.036000 0.0928936 -0.0124539 1.3240318 0.5406731 -0.5406540 0.4557309 -0.4557140
32710.136000 0.0925311 -0.0123630 1.3240525 0.5406393 -0.5405570 0.4558117 -0.4557883
32710.236000 0.0929445 -0.0124408 1.3240264 0.5407112 -0.5406246 0.4556980 -0.4557365
32710.336000 0.0925907 -0.0123528 1.3240466 0.5406810 -0.5405321 0.4557733 -0.4558068
32710.436000 0.0925893 -0.0123413 1.3240455 0.5406991 -0.5405143 0.4557599 -0.4558198
32710.536000 0.0930281 -0.0124255 1.3240178 0.5407769 -0.5405898 0.4556367 -0.4557612
32710.636000 0.0926578 -0.0123348 1.3240390 0.5407464 -0.5404958 0.4557135 -0.4558321
32710.736000 0.0926577 -0.0123244 1.3240379 0.5407659 -0.5404800 0.4556980 -0.4558432
32710.837000 0.0926782 -0.0123187 1.3240356 0.5407884 -0.5404688 0.4556770 -0.4558507
32710.936000 0.0926967 -0.0123131 1.3240334 0.5408105 -0.5404575 0.4556565 -0.4558583
32711.036000 0.0931509 -0.0123970 1.3240041 0.5408937 -0.5405382 0.4555269 -0.4557934
32711.136000 0.0927677 -0.0123064 1.3240266 0.5408615 -0.5404424 0.4556058 -0.4558665
32711.236000 0.0931736 -0.0123847 1.3240010 0.5409362 -0.5405127 0.4554885 -0.4558117
32711.336000 0.0928028 -0.0122951 1.3240224 0.5409065 -0.5404200 0.4555639 -0.4558815
32711.436000 0.0927986 -0.0122847 1.3240216 0.5409261 -0.5404044 0.4555483 -0.4558923
32711.536000 0.0928162 -0.0122790 1.3240195 0.5409488 -0.5403933 0.4555272 -0.4558996
32711.636000 0.0932483 -0.0123629 1.3239923 0.5410271 -0.5404694 0.4554033 -0.4558402
32711.737000 0.0928722 -0.0122724 1.3240140 0.5409968 -0.5403757 0.4554798 -0.4559109
32711.836000 0.0928670 -0.0122620 1.3240134 0.5410163 -0.5403599 0.4554643 -0.4559219
32711.937000 0.0928833 -0.0122563 1.3240114 0.5410387 -0.5403486 0.4554435 -0.4559295
32712.036000 0.0933141 -0.0123400 1.3239842 0.5411168 -0.5404244 0.4553200 -0.4558704
32712.136000 0.0929368 -0.0122497 1.3240062 0.5410862 -0.5403303 0.4553968 -0.4559415
32712.236000 0.0933410 -0.0123277 1.3239807 0.5411608 -0.5404004 0.4552798 -0.4558869
32712.336000 0.0929674 -0.0122383 1.3240024 0.5411305 -0.5403072 0.4553558 -0.4559572
32712.436000 0.0933707 -0.0123162 1.3239769 0.5412048 -0.5403771 0.4552390 -0.4559028
32712.536000 0.0929966 -0.0122270 1.3239987 0.5411744 -0.5402838 0.4553152 -0.4559734
32712.636000 0.0929887 -0.0122165 1.3239983 0.5411933 -0.5402673 0.4553005 -0.4559852
32712.736000 0.0934132 -0.0122991 1.3239716 0.5412704 -0.5403415 0.4551786 -0.4559275
32712.836000 0.0934528 -0.0122989 1.3239683 0.5412956 -0.5403349 0.4551522 -0.4559318
32712.936000 0.0934661 -0.0122933 1.3239666 0.5413170 -0.5403230 0.4551324 -0.4559401
32713.036000 0.0930691 -0.0121995 1.3239899 0.5412832 -0.5402249 0.4552144 -0.4560146
32713.136000 0.0930553 -0.0121881 1.3239898 0.5413013 -0.5402070 0.4552012 -0.4560277
32713.236000 0.0930679 -0.0121824 1.3239882 0.5413227 -0.5401946 0.4551815 -0.4560365
32713.336000 0.0930801 -0.0121767 1.3239866 0.5413440 -0.5401823 0.4551620 -0.4560453
32713.436000 0.0930921 -0.0121710 1.3239850 0.5413653 -0.5401698 0.4551426 -0.4560542
32713.536000 0.0935228 -0.0122551 1.3239580 0.5414429 -0.5402451 0.4550193 -0.4559959
32713.636000 0.0931370 -0.0121642 1.3239807 0.5414104 -0.5401493 0.4550986 -0.4560689
32713.736000 0.0935372 -0.0122419 1.3239555 0.5414839 -0.5402181 0.4549828 -0.4560155
32713.836000 0.0935742 -0.0122417 1.3239524 0.5415084 -0.5402109 0.4549573 -0.4560206
32713.936000 0.0935850 -0.0122360 1.3239510 0.5415293 -0.5401981 0.4549383 -0.4560299
32714.036000 0.0931811 -0.0121415 1.3239748 0.5414942 -0.5400983 0.4550221 -0.4561059
32714.136000 0.0935841 -0.0122199 1.3239495 0.5415678 -0.5401679 0.4549060 -0.4560521
32714.237000 0.0936160 -0.0122188 1.3239467 0.5415916 -0.5401593 0.4548816 -0.4560583
32714.336000 0.0932114 -0.0121244 1.3239707 0.5415564 -0.5400594 0.4549657 -0.4561346
32714.436000 0.0931990 -0.0121140 1.3239707 0.5415740 -0.5400417 0.4549525 -0.4561478
32714.537000 0.0932085 -0.0121083 1.3239693 0.5415945 -0.5400285 0.4549339 -0.4561576
32714.636000 0.0932177 -0.0121025 1.3239680 0.5416151 -0.5400151 0.4549152 -0.4561676
32714.737000 0.0932267 -0.0120968 1.3239668 0.5416354 -0.5400020 0.4548969 -0.4561773
32714.836000 0.0936462 -0.0121788 1.3239405 0.5417111 -0.5400747 0.4547766 -0.4561213
32714.936000 0.0932663 -0.0120901 1.3239629 0.5416790 -0.5399799 0.4548547 -0.4561938
32715.037000 0.0932526 -0.0120797 1.3239631 0.5416963 -0.5399618 0.4548419 -0.4562075
32715.136000 0.0932609 -0.0120740 1.3239619 0.5417165 -0.5399483 0.4548237 -0.4562176
32715.236000 0.0932689 -0.0120683 1.3239607 0.5417366 -0.5399347 0.4548056 -0.4562278
32715.336000 0.0932768 -0.0120626 1.3239595 0.5417567 -0.5399211 0.4547875 -0.4562381
32715.436000 0.0932845 -0.0120569 1.3239584 0.5417767 -0.5399074 0.4547695 -0.4562485
32715.536000 0.0932920 -0.0120512 1.3239573 0.5417967 -0.5398937 0.4547515 -0.4562589
32715.636000 0.0932993 -0.0120455 1.3239562 0.5418165 -0.5398801 0.4547337 -0.4562692
32715.736000 0.0937210 -0.0121281 1.3239297 0.5418922 -0.5399531 0.4546131 -0.4562131
32715.836000 0.0933352 -0.0120387 1.3239527 0.5418593 -0.5398568 0.4546926 -0.4562870
32715.936000 0.0937308 -0.0121158 1.3239279 0.5419315 -0.5399243 0.4545784 -0.4562350
32716.036000 0.0933531 -0.0120283 1.3239503 0.5418992 -0.5398300 0.4546562 -0.4563075
32716.136000 0.0933333 -0.0120170 1.3239509 0.5419155 -0.5398103 0.4546450 -0.4563226
32716.236000 0.0937502 -0.0120986 1.3239248 0.5419906 -0.5398823 0.4545256 -0.4562673
32716.336000 0.0937823 -0.0120983 1.3239222 0.5420137 -0.5398736 0.4545017 -0.4562740
32716.436000 0.0933738 -0.0120045 1.3239466 0.5419773 -0.5397726 0.4545870 -0.4563516
32716.536000 0.0933576 -0.0119941 1.3239470 0.5419938 -0.5397538 0.4545751 -0.4563661
32716.636000 0.0933633 -0.0119884 1.3239460 0.5420133 -0.5397396 0.4545577 -0.4563771
32716.736000 0.0933688 -0.0119828 1.3239451 0.5420326 -0.5397254 0.4545405 -0.4563881
32716.836000 0.0937887 -0.0120650 1.3239188 0.5421079 -0.5397979 0.4544205 -0.4563324
32716.936000 0.0934012 -0.0119759 1.3239419 0.5420744 -0.5397012 0.4545005 -0.4564069
32717.036000 0.0933845 -0.0119656 1.3239424 0.5420907 -0.5396822 0.4544888 -0.4564217
32717.136000 0.0933894 -0.0119599 1.3239415 0.5421100 -0.5396677 0.4544717 -0.4564329
32717.236000 0.0933943 -0.0119542 1.3239407 0.5421292 -0.5396532 0.4544546 -0.4564442
32717.336000 0.0933989 -0.0119485 1.3239398 0.5421484 -0.5396387 0.4544376 -0.4564556
32717.436000 0.0934035 -0.0119428 1.3239390 0.5421676 -0.5396241 0.4544206 -0.4564670
32717.536000 0.0934079 -0.0119371 1.3239382 0.5421867 -0.5396095 0.4544036 -0.4564784
32717.636000 0.0934122 -0.0119313 1.3239374 0.5422057 -0.5395949 0.4543867 -0.4564899
32717.736000 0.0934163 -0.0119256 1.3239366 0.5422248 -0.5395802 0.4543699 -0.4565014
32717.836000 0.0934203 -0.0119199 1.3239358 0.5422438 -0.5395655 0.4543531 -0.4565129
32717.936000 0.0934242 -0.0119142 1.3239350 0.5422627 -0.5395507 0.4543363 -0.4565245
32718.036000 0.0934280 -0.0119085 1.3239343 0.5422817 -0.5395359 0.4543196 -0.4565362
32718.136000 0.0934317 -0.0119028 1.3239335 0.5423006 -0.5395211 0.4543029 -0.4565479
32718.236000 0.0934352 -0.0118971 1.3239328 0.5423194 -0.5395063 0.4542862 -0.4565596
32718.336000 0.0934387 -0.0118914 1.3239321 0.5423383 -0.5394914 0.4542696 -0.4565713
32718.436000 0.0938609 -0.0119742 1.3239057 0.5424136 -0.5395641 0.4541492 -0.4565156
32718.536000 0.0938818 -0.0119722 1.3239039 0.5424348 -0.5395528 0.4541283 -0.4565246
32718.637000 0.0934699 -0.0118789 1.3239287 0.5423975 -0.5394510 0.4542146 -0.4566034
32718.736000 0.0938702 -0.0119570 1.3239036 0.5424699 -0.5395191 0.4540997 -0.4565512
32718.836000 0.0934757 -0.0118674 1.3239273 0.5424349 -0.5394210 0.4541817 -0.4566272
32718.936000 0.0938675 -0.0119438 1.3239028 0.5425061 -0.5394873 0.4540689 -0.4565765
32719.036000 0.0934731 -0.0118543 1.3239265 0.5424711 -0.5393891 0.4541509 -0.4566525
32719.136000 0.0934621 -0.0118458 1.3239267 0.5424878 -0.5393711 0.4541379 -0.4566667
32719.236000 0.0934646 -0.0118401 1.3239261 0.5425064 -0.5393559 0.4541216 -0.4566788
32719.337000 0.0938776 -0.0119209 1.3239003 0.5425804 -0.5394266 0.4540036 -0.4566247
32719.436000 0.0934913 -0.0118333 1.3239235 0.5425464 -0.5393301 0.4540837 -0.4566995
32719.536000 0.0938862 -0.0119103 1.3238989 0.5426178 -0.5393972 0.4539703 -0.4566482
32719.636000 0.0934953 -0.0118219 1.3239224 0.5425833 -0.5392996 0.4540513 -0.4567239
32719.736000 0.0934755 -0.0118116 1.3239231 0.5425988 -0.5392797 0.4540406 -0.4567397
32719.836000 0.0934774 -0.0118059 1.3239225 0.5426170 -0.5392645 0.4540246 -0.4567518
32719.936000 0.0934792 -0.0118002 1.3239220 0.5426356 -0.5392490 0.4540084 -0.4567642
32720.036000 0.0934809 -0.0117945 1.3239214 0.5426539 -0.5392336 0.4539923 -0.4567766
32720.136000 0.0934825 -0.0117888 1.3239209 0.5426721 -0.5392183 0.4539764 -0.4567888
32720.236000 0.0939028 -0.0118710 1.3238947 0.5427471 -0.5392903 0.4538566 -0.4567338
32720.336000 0.0939221 -0.0118691 1.3238931 0.5427678 -0.5392786 0.4538362 -0.4567433
32720.436000 0.0935089 -0.0117763 1.3239180 0.5427301 -0.5391764 0.4539229 -0.4568226
32720.536000 0.0938989 -0.0118522 1.3238936 0.5428008 -0.5392421 0.4538107 -0.4567724
32720.636000 0.0935114 -0.0117649 1.3239170 0.5427665 -0.5391453 0.4538911 -0.4568475
32720.736000 0.0939012 -0.0118407 1.3238926 0.5428372 -0.5392110 0.4537790 -0.4567974
32720.836000 0.0935136 -0.0117535 1.3239160 0.5428029 -0.5391142 0.4538594 -0.4568726
32720.936000 0.0939033 -0.0118293 1.3238917 0.5428735 -0.5391798 0.4537473 -0.4568225
32721.036000 0.0935197 -0.0117431 1.3239148 0.5428396 -0.5390840 0.4538268 -0.4568970
32721.136000 0.0939048 -0.0118178 1.3238908 0.5429097 -0.5391485 0.4537158 -0.4568478
32721.236000 0.0939317 -0.0118176 1.3238887 0.5429314 -0.5391383 0.4536936 -0.4568562
32721.336000 0.0935178 -0.0117251 1.3239137 0.5428934 -0.5390360 0.4537805 -0.4569357
32721.436000 0.0934964 -0.0117148 1.3239146 0.5429085 -0.5390157 0.4537702 -0.4569520
32721.536000 0.0934969 -0.0117091 1.3239142 0.5429265 -0.5389999 0.4537546 -0.4569647
32721.636000 0.0939081 -0.0117893 1.3238886 0.5430000 -0.5390700 0.4536372 -0.4569112
32721.736000 0.0939345 -0.0117890 1.3238865 0.5430215 -0.5390596 0.4536151 -0.4569197
32721.836000 0.0935244 -0.0116975 1.3239113 0.5429838 -0.5389582 0.4537013 -0.4569986
32721.936000 0.0934984 -0.0116863 1.3239125 0.5429984 -0.5389368 0.4536920 -0.4570157
32722.036000 0.0939094 -0.0117664 1.3238869 0.5430719 -0.5390068 0.4535748 -0.4569623
32722.136000 0.0935209 -0.0116795 1.3239104 0.5430372 -0.5389097 0.4536554 -0.4570379
32722.236000 0.0934989 -0.0116693 1.3239113 0.5430522 -0.5388893 0.4536454 -0.4570543
32722.336000 0.0939097 -0.0117493 1.3238858 0.5431256 -0.5389592 0.4535282 -0.4570009
32722.436000 0.0935210 -0.0116625 1.3239092 0.5430909 -0.5388621 0.4536089 -0.4570765
32722.536000 0.0939096 -0.0117378 1.3238850 0.5431613 -0.5389274 0.4534972 -0.4570267
32722.636000 0.0939354 -0.0117376 1.3238830 0.5431824 -0.5389170 0.4534755 -0.4570354
32722.737000 0.0935203 -0.0116454 1.3239082 0.5431443 -0.5388142 0.4535626 -0.4571154
32722.836000 0.1031729 -0.0124324 1.3239664 0.5408448 -0.5406594 0.4555472 -0.4556874
32722.936000 0.1033511 -0.0123753 1.3239843 0.5407139 -0.5406842 0.4557102 -0.4556504
32723.036000 0.1037645 -0.0124516 1.3239579 0.5407841 -0.5407474 0.4555996 -0.4556026
32723.136000 0.1038249 -0.0124523 1.3239530 0.5408077 -0.5407393 0.4555749 -0.4556090
32723.236000 0.1038530 -0.0124466 1.3239501 0.5408281 -0.5407259 0.4555565 -0.4556191
32723.336000 0.1038794 -0.0124408 1.3239473 0.5408492 -0.5407134 0.4555372 -0.4556282
32723.436000 0.1034897 -0.0123454 1.3239699 0.5408148 -0.5406145 0.4556204 -0.4557031
32723.536000 0.1034919 -0.0123350 1.3239686 0.5408340 -0.5405984 0.4556054 -0.4557145
32723.636000 0.1039298 -0.0124189 1.3239406 0.5409125 -0.5406740 0.4554814 -0.4556556
32723.736000 0.1039741 -0.0124179 1.3239368 0.5409381 -0.5406676 0.4554548 -0.4556593
32723.836000 0.1039963 -0.0124122 1.3239342 0.5409610 -0.5406568 0.4554334 -0.4556663
32723.936000 0.1040195 -0.0124065 1.3239316 0.5409844 -0.5406466 0.4554114 -0.4556727
32724.036000 0.1036307 -0.0123162 1.3239549 0.5409503 -0.5405496 0.4554923 -0.4557474
32724.136000 0.1123968 -0.0124687 1.3240410 -0.5406404 0.5406423 -0.4557515 0.4557459
32724.236000 0.1218475 -0.0123803 1.3240631 -0.5405804 0.5405904 -0.4558631 0.4557671
32724.336000 0.1224516 -0.0123687 1.3240594 0.5406007 -0.5405815 0.4558478 -0.4557688
32724.436000 0.1224842 -0.0123630 1.3240563 0.5406182 -0.5405666 0.4558330 -0.4557807
32724.536000 0.1225143 -0.0123574 1.3240533 0.5406374 -0.5405524 0.4558160 -0.4557916
32724.636000 0.1225423 -0.0123518 1.3240504 0.5406576 -0.5405393 0.4557977 -0.4558015
32724.737000 0.1225686 -0.0123462 1.3240477 0.5406788 -0.5405268 0.4557785 -0.4558106
32724.836000 0.1319021 -0.0123736 1.3240650 -0.5405791 0.5405798 -0.4558679 0.4557763
32724.936000 0.1419129 -0.0123743 1.3240641 -0.5405801 0.5405868 -0.4558662 0.4557687
32725.036000 0.1519188 -0.0123735 1.3240630 -0.5405853 0.5405892 -0.4558609 0.4557650
32725.136000 0.1632131 -0.0124652 1.3239634 -0.5407500 0.5407780 -0.4556271 0.4555794
32725.236000 0.1729157 -0.0123782 1.3239871 0.5406976 -0.5406955 0.4557248 -0.4556417
32725.336000 0.1919971 -0.0124755 1.3240448 -0.5406084 0.5406514 -0.4557819 0.4557427
32725.436000 0.2019270 -0.0123823 1.3240652 -0.5405643 0.5405899 -0.4558796 0.4557703
32725.536000 0.2119082 -0.0123751 1.3240650 -0.5405748 0.5405841 -0.4558715 0.4557727
32725.636000 0.2124509 -0.0123688 1.3240595 0.5406004 -0.5405818 0.4558481 -0.4557686
32725.736000 0.2219322 -0.0123714 1.3240613 0.5405935 -0.5405878 0.4558535 -0.4557642
32725.836000 0.2224669 -0.0123661 1.3240580 0.5406085 -0.5405746 0.4558414 -0.4557743
32725.936000 0.2224983 -0.0123604 1.3240549 0.5406269 -0.5405599 0.4558254 -0.4557858
32726.036000 0.2225274 -0.0123549 1.3240520 0.5406465 -0.5405464 0.4558078 -0.4557962
32726.136000 0.2225545 -0.0123492 1.3240492 0.5406674 -0.5405333 0.4557888 -0.4558059
32726.237000 0.2225802 -0.0123435 1.3240464 0.5406888 -0.5405210 0.4557692 -0.4558147
32726.337000 0.2226044 -0.0123379 1.3240438 0.5407107 -0.5405092 0.4557490 -0.4558229
32726.436000 0.2226276 -0.0123323 1.3240413 0.5407328 -0.5404979 0.4557286 -0.4558306
32726.537000 0.2226497 -0.0123266 1.3240388 0.5407553 -0.5404865 0.4557076 -0.4558384
32726.636000 0.2226707 -0.0123209 1.3240364 0.5407778 -0.5404753 0.4556867 -0.4558459
32726.736000 0.2226902 -0.0123152 1.3240341 0.5408003 -0.5404640 0.4556659 -0.4558535
32726.836000 0.2227045 -0.0123096 1.3240324 0.5408217 -0.5404517 0.4556462 -0.4558622
32726.936000 0.2227404 -0.0123039 1.3240285 0.5408482 -0.5404446 0.4556205 -0.4558649
32727.036000 0.2231753 -0.0123887 1.3240012 0.5409267 -0.5405209 0.4554960 -0.4558056
32727.136000 0.2227957 -0.0122972 1.3240232 0.5408958 -0.5404264 0.4555737 -0.4558768
32727.236000 0.2227919 -0.0122869 1.3240224 0.5409155 -0.5404108 0.4555580 -0.4558876
32727.336000 0.2228096 -0.0122812 1.3240202 0.5409381 -0.5403998 0.4555369 -0.4558949
32727.436000 0.2228270 -0.0122756 1.3240182 0.5409607 -0.5403887 0.4555158 -0.4559022
32727.536000 0.2228441 -0.0122699 1.3240161 0.5409833 -0.5403776 0.4554948 -0.4559096
32727.636000 0.2232798 -0.0123545 1.3239887 0.5410622 -0.5404543 0.4553699 -0.4558498
32727.736000 0.2228988 -0.0122632 1.3240108 0.5410311 -0.5403597 0.4554477 -0.4559212
32727.836000 0.2233081 -0.0123422 1.3239849 0.5411063 -0.5404310 0.4553295 -0.4558656
32727.936000 0.2229351 -0.0122528 1.3240066 0.5410761 -0.5403380 0.4554054 -0.4559358
32728.036000 0.2229246 -0.0122415 1.3240063 0.5410950 -0.5403209 0.4553912 -0.4559479
32728.136000 0.2233504 -0.0123242 1.3239795 0.5411724 -0.5403954 0.4552688 -0.4558898
32728.236000 0.2229766 -0.0122348 1.3240012 0.5411421 -0.5403023 0.4553449 -0.4559603
32728.336000 0.2233839 -0.0123137 1.3239755 0.5412168 -0.5403730 0.4552272 -0.4559052
32728.436000 0.2230052 -0.0122234 1.3239976 0.5411859 -0.5402787 0.4553045 -0.4559766
32728.537000 0.2229974 -0.0122130 1.3239972 0.5412047 -0.5402622 0.4552898 -0.4559884
32728.636000 0.2230111 -0.0122073 1.3239955 0.5412264 -0.5402502 0.4552698 -0.4559968
32728.736000 0.2230245 -0.0122016 1.3239937 0.5412481 -0.5402382 0.4552499 -0.4560053
32728.836000 0.2234482 -0.0122841 1.3239671 0.5413250 -0.5403121 0.4551281 -0.4559478
32728.936000 0.2230725 -0.0121950 1.3239891 0.5412941 -0.5402185 0.4552049 -0.4560189
32729.036000 0.2234737 -0.0122727 1.3239638 0.5413679 -0.5402877 0.4550888 -0.4559652
32729.136000 0.2230975 -0.0121836 1.3239858 0.5413368 -0.5401938 0.4551657 -0.4560365
32729.236000 0.2230875 -0.0121732 1.3239856 0.5413551 -0.5401768 0.4551517 -0.4560489
32729.336000 0.2230994 -0.0121675 1.3239841 0.5413763 -0.5401643 0.4551323 -0.4560579
32729.437000 0.2231110 -0.0121618 1.3239825 0.5413975 -0.5401518 0.4551130 -0.4560670
32729.536000 0.2231223 -0.0121561 1.3239810 0.5414185 -0.5401391 0.4550937 -0.4560761
32729.636000 0.2231334 -0.0121504 1.3239795 0.5414395 -0.5401264 0.4550746 -0.4560853
32729.736000 0.2235549 -0.0122326 1.3239531 0.5415158 -0.5401997 0.4549536 -0.4560286
32729.836000 0.2231770 -0.0121437 1.3239753 0.5414843 -0.5401055 0.4550310 -0.4561005
32729.936000 0.2235760 -0.0122212 1.3239502 0.5415575 -0.5401740 0.4549157 -0.4560474
32730.036000 0.2231976 -0.0121323 1.3239725 0.5415258 -0.5400796 0.4549933 -0.4561194
32730.136000 0.2231855 -0.0121219 1.3239725 0.5415435 -0.5400620 0.4549800 -0.4561326
32730.236000 0.2231953 -0.0121162 1.3239711 0.5415639 -0.5400490 0.4549614 -0.4561421
32730.336000 0.2236151 -0.0121982 1.3239448 0.5416400 -0.5401217 0.4548409 -0.4560860
32730.436000 0.2232362 -0.0121095 1.3239672 0.5416081 -0.5400272 0.4549186 -0.4561583
32730.537000 0.2232232 -0.0120991 1.3239672 0.5416256 -0.5400093 0.4549056 -0.4561717
32730.636000 0.2236427 -0.0121810 1.3239409 0.5417013 -0.5400820 0.4547853 -0.4561156
32730.736000 0.2236774 -0.0121808 1.3239381 0.5417251 -0.5400740 0.4547606 -0.4561214
32730.836000 0.2236859 -0.0121751 1.3239369 0.5417454 -0.5400606 0.4547423 -0.4561315
32730.936000 0.2232797 -0.0120809 1.3239610 0.5417097 -0.5399603 0.4548269 -0.4562083
32731.036000 0.2232658 -0.0120705 1.3239611 0.5417269 -0.5399421 0.4548142 -0.4562221
32731.136000 0.2232737 -0.0120648 1.3239599 0.5417470 -0.5399285 0.4547961 -0.4562323
32731.236000 0.2232815 -0.0120591 1.3239588 0.5417670 -0.5399149 0.4547780 -0.4562427
32731.336000 0.2232890 -0.0120534 1.3239577 0.5417870 -0.5399012 0.4547601 -0.4562531
32731.437000 0.2232964 -0.0120477 1.3239566 0.5418070 -0.5398874 0.4547421 -0.4562635
32731.536000 0.2233036 -0.0120420 1.3239555 0.5418269 -0.5398736 0.4547243 -0.4562740
32731.636000 0.2233106 -0.0120363 1.3239544 0.5418467 -0.5398597 0.4547065 -0.4562846
32731.736000 0.2237322 -0.0121189 1.3239280 0.5419223 -0.5399328 0.4545860 -0.4562283
32731.836000 0.2233460 -0.0120295 1.3239509 0.5418892 -0.5398365 0.4546657 -0.4563024
32731.936000 0.2233307 -0.0120192 1.3239512 0.5419060 -0.5398179 0.4546534 -0.4563166
32732.036000 0.2233371 -0.0120135 1.3239502 0.5419256 -0.5398038 0.4546358 -0.4563274
32732.136000 0.2233433 -0.0120077 1.3239492 0.5419452 -0.5397897 0.4546183 -0.4563382
32732.236000 0.2233493 -0.0120020 1.3239483 0.5419648 -0.5397756 0.4546008 -0.4563491
32732.336000 0.2237658 -0.0120836 1.3239222 0.5420397 -0.5398474 0.4544816 -0.4562940
32732.436000 0.2233830 -0.0119953 1.3239450 0.5420068 -0.5397518 0.4545606 -0.4563675
32732.536000 0.2237854 -0.0120739 1.3239198 0.5420798 -0.5398206 0.4544449 -0.4563147
32732.636000 0.2233936 -0.0119838 1.3239432 0.5420456 -0.5397231 0.4545261 -0.4563897
32732.736000 0.2233773 -0.0119736 1.3239436 0.5420618 -0.5397044 0.4545144 -0.4564042
32732.836000 0.2233824 -0.0119678 1.3239427 0.5420813 -0.5396899 0.4544970 -0.4564155
32732.936000 0.2233874 -0.0119621 1.3239418 0.5421006 -0.5396754 0.4544799 -0.4564268
32733.036000 0.2233923 -0.0119564 1.3239410 0.5421198 -0.5396609 0.4544628 -0.4564381
32733.136000 0.2233970 -0.0119507 1.3239401 0.5421390 -0.5396464 0.4544458 -0.4564494
32733.237000 0.2234016 -0.0119450 1.3239393 0.5421582 -0.5396319 0.4544288 -0.4564608
32733.336000 0.2234060 -0.0119393 1.3239385 0.5421773 -0.5396173 0.4544118 -0.4564722
32733.436000 0.2234104 -0.0119335 1.3239376 0.5421964 -0.5396027 0.4543949 -0.4564836
32733.536000 0.2234146 -0.0119278 1.3239368 0.5422154 -0.5395880 0.4543780 -0.4564951
32733.637000 0.2234186 -0.0119221 1.3239361 0.5422345 -0.5395733 0.4543612 -0.4565067
32733.736000 0.2234226 -0.0119164 1.3239353 0.5422534 -0.5395585 0.4543444 -0.4565183
32733.836000 0.2234264 -0.0119107 1.3239345 0.5422724 -0.5395438 0.4543277 -0.4565299
32733.936000 0.2234301 -0.0119050 1.3239338 0.5422913 -0.5395290 0.4543110 -0.4565416
32734.036000 0.2238526 -0.0119879 1.3239074 0.5423667 -0.5396018 0.4541905 -0.4564858
32734.136000 0.2234588 -0.0118982 1.3239310 0.5423319 -0.5395038 0.4542723 -0.4565615
32734.236000 0.2234405 -0.0118879 1.3239316 0.5423478 -0.5394843 0.4542611 -0.4565768
32734.336000 0.2238585 -0.0119698 1.3239055 0.5424224 -0.5395563 0.4541419 -0.4565217
32734.436000 0.2234687 -0.0118811 1.3239289 0.5423883 -0.5394590 0.4542226 -0.4565969
32734.536000 0.2238688 -0.0119592 1.3239039 0.5424606 -0.5395270 0.4541077 -0.4565449
32734.636000 0.2234744 -0.0118697 1.3239276 0.5424257 -0.5394289 0.4541897 -0.4566208
32734.736000 0.2238704 -0.0119469 1.3239028 0.5424973 -0.5394962 0.4540760 -0.4565693
32734.836000 0.2234802 -0.0118583 1.3239262 0.5424630 -0.5393988 0.4541569 -0.4566447
32734.936000 0.2238799 -0.0119363 1.3239013 0.5425352 -0.5394667 0.4540421 -0.4565928
32735.037000 0.2239001 -0.0119343 1.3238996 0.5425560 -0.5394554 0.4540216 -0.4566019
32735.136000 0.2239024 -0.0119285 1.3238989 0.5425747 -0.5394400 0.4540052 -0.4566141
32735.236000 0.2234902 -0.0118355 1.3239237 0.5425373 -0.5393381 0.4540916 -0.4566930
32735.337000 0.2234703 -0.0118252 1.3239245 0.5425528 -0.5393183 0.4540809 -0.4567087
32735.437000 0.2234725 -0.0118195 1.3239239 0.5425712 -0.5393030 0.4540647 -0.4567209
32735.536000 0.2234745 -0.0118138 1.3239233 0.5425897 -0.5392877 0.4540485 -0.4567332
32735.636000 0.2234764 -0.0118081 1.3239227 0.5426081 -0.5392724 0.4540324 -0.4567454
32735.737000 0.2234782 -0.0118024 1.3239222 0.5426265 -0.5392570 0.4540163 -0.4567577
32735.836000 0.2234800 -0.0117967 1.3239216 0.5426448 -0.5392416 0.4540002 -0.4567700
32735.936000 0.2234816 -0.0117910 1.3239211 0.5426632 -0.5392262 0.4539842 -0.4567824
32736.036000 0.2234832 -0.0117853 1.3239206 0.5426815 -0.5392108 0.4539681 -0.4567947
32736.137000 0.2234847 -0.0117796 1.3239200 0.5426998 -0.5391953 0.4539522 -0.4568071
32736.236000 0.2239009 -0.0118610 1.3238941 0.5427739 -0.5392667 0.4538336 -0.4567526
32736.336000 0.2235134 -0.0117737 1.3239174 0.5427396 -0.5391699 0.4539140 -0.4568277
32736.436000 0.2234887 -0.0117625 1.3239185 0.5427545 -0.5391488 0.4539044 -0.4568445
32736.537000 0.2239005 -0.0118429 1.3238928 0.5428282 -0.5392191 0.4537868 -0.4567908
32736.636000 0.2235130 -0.0117557 1.3239162 0.5427939 -0.5391223 0.4538672 -0.4568660
32736.736000 0.2234920 -0.0117455 1.3239170 0.5428089 -0.5391023 0.4538569 -0.4568820
32736.836000 0.2234929 -0.0117397 1.3239166 0.5428272 -0.5390865 0.4538410 -0.4568947
32736.936000 0.2234937 -0.0117340 1.3239161 0.5428453 -0.5390709 0.4538252 -0.4569073
32737.036000 0.2234945 -0.0117283 1.3239157 0.5428634 -0.5390552 0.4538094 -0.4569200
32737.136000 0.2234952 -0.0117226 1.3239152 0.5428814 -0.5390395 0.4537937 -0.4569326
32737.236000 0.2234959 -0.0117170 1.3239148 0.5428995 -0.5390238 0.4537780 -0.4569453
32737.336000 0.2234965 -0.0117113 1.3239143 0.5429175 -0.5390081 0.4537623 -0.4569580
32737.436000 0.2234970 -0.0117056 1.3239139 0.5429355 -0.5389923 0.4537466 -0.4569707
32737.536000 0.2234974 -0.0116999 1.3239135 0.5429535 -0.5389766 0.4537310 -0.4569835
32737.636000 0.2234978 -0.0116942 1.3239131 0.5429715 -0.5389608 0.4537154 -0.4569963
32737.736000 0.2239088 -0.0117743 1.3238875 0.5430450 -0.5390308 0.4535981 -0.4569428
32737.836000 0.2235204 -0.0116874 1.3239109 0.5430104 -0.5389338 0.4536787 -0.4570183
32737.936000 0.2234985 -0.0116771 1.3239119 0.5430253 -0.5389133 0.4536686 -0.4570347
32738.036000 0.2239093 -0.0117572 1.3238863 0.5430987 -0.5389833 0.4535514 -0.4569813
32738.136000 0.2235207 -0.0116704 1.3239097 0.5430641 -0.5388862 0.4536321 -0.4570569
32738.236000 0.2234987 -0.0116601 1.3239107 0.5430790 -0.5388657 0.4536220 -0.4570733
32738.336000 0.2234986 -0.0116544 1.3239103 0.5430968 -0.5388498 0.4536065 -0.4570863
32738.436000 0.2239134 -0.0117352 1.3238845 0.5431706 -0.5389207 0.4534885 -0.4570321
32738.536000 0.2332155 -0.0124328 1.3239614 0.5408639 -0.5406739 0.4555280 -0.4556667
32738.636000 0.2333645 -0.0123727 1.3239830 0.5407215 -0.5406772 0.4557039 -0.4556560
32738.736000 0.2337850 -0.0124510 1.3239562 0.5407929 -0.5407432 0.4555909 -0.4556060
32738.836000 0.2338364 -0.0124500 1.3239518 0.5408158 -0.5407338 0.4555677 -0.4556132
32738.936000 0.2338637 -0.0124443 1.3239490 0.5408364 -0.5407208 0.4555489 -0.4556228
32739.036000 0.2429986 -0.0123798 1.3239715 0.5407131 -0.5407110 0.4557069 -0.4556229
32739.136000 0.2531680 -0.0124866 1.3239700 -0.5406953 0.5407840 -0.4556670 0.4555972
32739.236000 0.2537592 -0.0124650 1.3239595 -0.5407677 0.5407719 -0.4556094 0.4555833
32739.336000 0.2537922 -0.0124586 1.3239563 0.5407867 -0.5407550 0.4555934 -0.4555967
32739.436000 0.2538226 -0.0124528 1.3239533 0.5408060 -0.5407405 0.4555764 -0.4556080
32739.536000 0.2538508 -0.0124470 1.3239503 0.5408264 -0.5407270 0.4555580 -0.4556183
32739.636000 0.2534666 -0.0123523 1.3239726 0.5407922 -0.5406281 0.4556408 -0.4556934
32739.736000 0.2538764 -0.0124300 1.3239464 0.5408654 -0.5406970 0.4555255 -0.4556400
32739.836000 0.2621534 -0.0124670 1.3240381 -0.5406469 0.5406680 -0.4557510 0.4557084
32739.936000 0.2628894 -0.0124632 1.3240330 -0.5406624 0.5406705 -0.4557369 0.4557011
32740.036000 0.2625072 -0.0123676 1.3240549 0.5406240 -0.5405684 0.4558251 -0.4557794
32740.136000 0.2625151 -0.0123571 1.3240532 0.5406403 -0.5405497 0.4558135 -0.4557939
32740.237000 0.2625431 -0.0123515 1.3240504 0.5406607 -0.5405364 0.4557951 -0.4558039
32740.336000 0.2625693 -0.0123459 1.3240476 0.5406818 -0.5405239 0.4557758 -0.4558130
32740.436000 0.2625942 -0.0123403 1.3240450 0.5407034 -0.5405120 0.4557560 -0.4558213
32740.536000 0.2626178 -0.0123346 1.3240424 0.5407256 -0.5405003 0.4557354 -0.4558295
32740.637000 0.2626404 -0.0123289 1.3240399 0.5407479 -0.5404889 0.4557147 -0.4558372
32740.736000 0.2626619 -0.0123232 1.3240374 0.5407704 -0.5404777 0.4556938 -0.4558447
32740.836000 0.2626821 -0.0123176 1.3240351 0.5407929 -0.5404665 0.4556729 -0.4558522
32740.936000 0.2626997 -0.0123119 1.3240330 0.5408152 -0.5404548 0.4556523 -0.4558603
32741.036000 0.2722489 -0.0124567 1.3240363 -0.5406602 0.5406631 -0.4557419 0.4557074
32741.136000 0.2828307 -0.0123766 1.3239856 0.5407075 -0.5406889 0.4557159 -0.4556467
32741.236000 0.2837627 -0.0124553 1.3239584 0.5407792 -0.5407542 0.4556028 -0.4555972
32741.336000 0.2838155 -0.0124541 1.3239540 0.5408014 -0.5407438 0.4555805 -0.4556056
32741.436000 0.2838442 -0.0124484 1.3239510 0.5408215 -0.5407301 0.4555625 -0.4556160
32741.536000 0.2838712 -0.0124427 1.3239482 0.5408422 -0.5407175 0.4555436 -0.4556252
32741.637000 0.2838966 -0.0124370 1.3239454 0.5408639 -0.5407052 0.4555237 -0.4556340
32741.736000 0.2839209 -0.0124312 1.3239427 0.5408859 -0.5406935 0.4555034 -0.4556420
32741.836000 0.2839443 -0.0124255 1.3239401 0.5409082 -0.5406822 0.4554827 -0.4556497
32741.936000 0.2835562 -0.0123309 1.3239627 0.5408755 -0.5405849 0.4555636 -0.4557230
32742.037000 0.2839630 -0.0124084 1.3239366 0.5409500 -0.5406549 0.4554469 -0.4556682
32742.136000 0.2836013 -0.0123196 1.3239576 0.5409215 -0.5405636 0.4555205 -0.4557367
32742.237000 0.2840179 -0.0123978 1.3239307 0.5409985 -0.5406361 0.4554005 -0.4556792
32742.336000 0.2840421 -0.0123968 1.3239287 0.5410203 -0.5406258 0.4553786 -0.4556876
32742.436000 0.2840639 -0.0123911 1.3239262 0.5410437 -0.5406155 0.4553565 -0.4556939
32742.536000 0.2840836 -0.0123853 1.3239238 0.5410667 -0.5406049 0.4553350 -0.4557008
32742.637000 0.2927352 -0.0123740 1.3239861 0.5407164 -0.5406807 0.4557078 -0.4556540
32742.736000 0.2937564 -0.0124565 1.3239590 0.5407733 -0.5407596 0.4556078 -0.4555928
32742.836000 0.2938098 -0.0124553 1.3239545 0.5407954 -0.5407488 0.4555858 -0.4556015
32742.936000 0.2938389 -0.0124496 1.3239515 0.5408153 -0.5407350 0.4555679 -0.4556121
32743.036000 0.2938661 -0.0124439 1.3239487 0.5408361 -0.5407221 0.4555491 -0.4556216
32743.136000 0.3032133 -0.0124868 1.3239666 -0.5406948 0.5408006 -0.4556717 0.4555735
32743.236000 0.3132212 -0.0124725 1.3239645 -0.5407367 0.5407816 -0.4556375 0.4555804
32743.337000 0.3232264 -0.0124716 1.3239634 -0.5407430 0.5407843 -0.4556311 0.4555763
32743.437000 0.3322628 -0.0124679 1.3240365 -0.5406476 0.5406784 -0.4557493 0.4556968
32743.536000 0.3432299 -0.0124699 1.3239621 -0.5407531 0.5407824 -0.4556215 0.4555760
32743.636000 0.3531466 -0.0124687 1.3239613 -0.5407553 0.5407828 -0.4556196 0.4555749
32743.736000 0.3632386 -0.0124680 1.3239610 -0.5407573 0.5407815 -0.4556179 0.4555758
32743.837000 0.3814629 -0.0122960 1.3240573 0.5405996 -0.5405907 0.4558747 -0.4557324
32743.936000 0.3919396 -0.0123693 1.3240605 -0.5405811 0.5405993 -0.4558666 0.4557522
32744.036000 0.4033668 -0.0124483 1.3239567 -0.5407192 0.5407737 -0.4556876 0.4555605
32744.137000 0.4119322 -0.0123855 1.3240649 0.5405783 -0.5405677 0.4558574 -0.4558023
32744.236000 0.4231992 -0.0124684 1.3239661 -0.5407382 0.5407695 -0.4556371 0.4555935
32744.336000 0.4237627 -0.0124643 1.3239592 -0.5407696 0.5407701 -0.4556078 0.4555847
32744.436000 0.4237954 -0.0124580 1.3239560 0.5407886 -0.5407535 0.4555918 -0.4555980
32744.536000 0.4238255 -0.0124522 1.3239530 0.5408081 -0.5407390 0.4555745 -0.4556092
32744.636000 0.4238535 -0.0124464 1.3239500 0.5408285 -0.5407257 0.4555561 -0.4556192
32744.736000 0.4238799 -0.0124407 1.3239472 0.5408496 -0.5407131 0.4555368 -0.4556283
32744.836000 0.4234902 -0.0123453 1.3239699 0.5408153 -0.5406142 0.4556200 -0.4557032
32744.937000 0.4239071 -0.0124246 1.3239432 0.5408905 -0.5406850 0.4555018 -0.4556482
32745.036000 0.4235414 -0.0123347 1.3239644 0.5408605 -0.5405922 0.4555776 -0.4557182
