31514.472000 0.0932643 -0.0123670 1.3239919 -0.5406845 0.5406923 -0.4557534 0.4556325
31514.472000 0.0932643 -0.0123670 1.3239919 -0.5406845 0.5406923 -0.4557534 0.4556325
31514.520000 0.0932643 -0.0123670 1.3239919 -0.5406845 0.5406923 -0.4557534 0.4556325
31514.620000 0.0937203 -0.0124527 1.3239630 -0.5407603 0.5407651 -0.4556322 0.4555773
31514.720000 0.0937633 -0.0124497 1.3239591 0.5407816 -0.5407535 0.4556116 -0.4555863
31514.820000 0.0933716 -0.0123532 1.3239818 0.5407456 -0.5406522 0.4556973 -0.4556636
31514.921000 0.0938040 -0.0124354 1.3239543 0.5408214 -0.5407250 0.4555771 -0.4556075
31515.020000 0.0938421 -0.0124326 1.3239508 0.5408449 -0.5407158 0.4555538 -0.4556137
31515.120000 0.0934464 -0.0123361 1.3239737 0.5408105 -0.5406162 0.4556375 -0.4556890
31515.220000 0.0938753 -0.0124183 1.3239464 0.5408877 -0.5406902 0.4555159 -0.4556314
31515.320000 0.0939105 -0.0124154 1.3239431 0.5409120 -0.5406819 0.4554915 -0.4556367
31515.420000 0.0939317 -0.0124097 1.3239406 0.5409348 -0.5406709 0.4554703 -0.4556439
31515.521000 0.0939524 -0.0124040 1.3239382 0.5409574 -0.5406602 0.4554492 -0.4556508
31515.620000 0.0935533 -0.0123076 1.3239615 0.5409240 -0.5405612 0.4555318 -0.4557253
31515.720000 0.0939790 -0.0123896 1.3239344 0.5410016 -0.5406356 0.4554096 -0.4556672
31515.820000 0.0940117 -0.0123867 1.3239312 0.5410263 -0.5406276 0.4553849 -0.4556720
31515.920000 0.0936122 -0.0122905 1.3239546 0.5409929 -0.5405290 0.4554674 -0.4557462
31516.020000 0.0940388 -0.0123723 1.3239273 0.5410709 -0.5406038 0.4553447 -0.4556874
31516.120000 0.0940505 -0.0123695 1.3239262 0.5410909 -0.5405911 0.4553256 -0.4556979
31516.220000 0.0936568 -0.0122733 1.3239490 0.5410589 -0.5404939 0.4554064 -0.4557703
31516.320000 0.0940819 -0.0123551 1.3239218 0.5411367 -0.5405684 0.4552840 -0.4557119
31516.420000 0.0941126 -0.0123522 1.3239189 0.5411611 -0.5405602 0.4552596 -0.4557171
31516.520000 0.0941292 -0.0123464 1.3239169 0.5411836 -0.5405489 0.4552387 -0.4557246
31516.620000 0.0941454 -0.0123407 1.3239149 0.5412059 -0.5405376 0.4552179 -0.4557322
31516.720000 0.0937377 -0.0122438 1.3239389 0.5411710 -0.5404375 0.4553026 -0.4558079
31516.820000 0.0941635 -0.0123263 1.3239118 0.5412486 -0.5405119 0.4551800 -0.4557499
31516.920000 0.0941916 -0.0123234 1.3239091 0.5412725 -0.5405030 0.4551563 -0.4557558
31517.020000 0.0937912 -0.0122284 1.3239327 0.5412383 -0.5404044 0.4552392 -0.4558304
31517.120000 0.0942074 -0.0123090 1.3239063 0.5413146 -0.5404767 0.4551191 -0.4557741
31517.220000 0.0942348 -0.0123061 1.3239036 0.5413382 -0.5404676 0.4550957 -0.4557802
31517.321000 0.0942486 -0.0123003 1.3239019 0.5413600 -0.5404557 0.4550756 -0.4557886
31517.420000 0.0942622 -0.0122945 1.3239001 0.5413816 -0.5404436 0.4550557 -0.4557970
31517.521000 0.0942754 -0.0122888 1.3238984 0.5414032 -0.5404315 0.4550358 -0.4558055
31517.620000 0.0938650 -0.0121921 1.3239228 0.5413675 -0.5403307 0.4551213 -0.4558821
31517.720000 0.0942838 -0.0122736 1.3238962 0.5414437 -0.5404036 0.4550008 -0.4558255
31517.820000 0.0938859 -0.0121797 1.3239198 0.5414099 -0.5403051 0.4550830 -0.4559004
31517.920000 0.0943127 -0.0122629 1.3238927 0.5414871 -0.5403796 0.4549605 -0.4558426
31518.020000 0.0943376 -0.0122599 1.3238903 0.5415101 -0.5403699 0.4549379 -0.4558495
31518.120000 0.0943492 -0.0122541 1.3238887 0.5415312 -0.5403573 0.4549186 -0.4558585
31518.220000 0.0939455 -0.0121594 1.3239128 0.5414962 -0.5402578 0.4550025 -0.4559343
31518.320000 0.0943542 -0.0122389 1.3238868 0.5415708 -0.5403285 0.4548847 -0.4558795
31518.420000 0.0943827 -0.0122368 1.3238842 0.5415943 -0.5403192 0.4548611 -0.4558861
31518.520000 0.0943934 -0.0122310 1.3238828 0.5416152 -0.5403064 0.4548421 -0.4558954
31518.620000 0.0944039 -0.0122252 1.3238813 0.5416360 -0.5402935 0.4548231 -0.4559049
31518.720000 0.0944141 -0.0122195 1.3238799 0.5416568 -0.5402806 0.4548043 -0.4559144
31518.820000 0.0944242 -0.0122137 1.3238785 0.5416775 -0.5402676 0.4547855 -0.4559240
31518.920000 0.0944340 -0.0122079 1.3238772 0.5416981 -0.5402545 0.4547668 -0.4559336
31519.020000 0.0940247 -0.0121126 1.3239016 0.5416622 -0.5401536 0.4548521 -0.4560107
31519.120000 0.0944397 -0.0121935 1.3238753 0.5417374 -0.5402254 0.4547328 -0.4559552
31519.221000 0.0944621 -0.0121906 1.3238732 0.5417596 -0.5402149 0.4547111 -0.4559630
31519.321000 0.0944711 -0.0121848 1.3238719 0.5417799 -0.5402017 0.4546928 -0.4559728
31519.420000 0.0944798 -0.0121790 1.3238707 0.5418004 -0.5401882 0.4546743 -0.4559829
31519.520000 0.0940691 -0.0120837 1.3238953 0.5417641 -0.5400870 0.4547600 -0.4560604
31519.620000 0.0944751 -0.0121628 1.3238695 0.5418380 -0.5401568 0.4546431 -0.4560066
31519.720000 0.0945048 -0.0121616 1.3238670 0.5418610 -0.5401477 0.4546195 -0.4560133
31519.820000 0.0945128 -0.0121559 1.3238658 0.5418812 -0.5401341 0.4546014 -0.4560235
31519.920000 0.0941055 -0.0120616 1.3238903 0.5418451 -0.5400337 0.4546865 -0.4561005
31520.020000 0.0940917 -0.0120513 1.3238904 0.5418624 -0.5400154 0.4546737 -0.4561145
31520.121000 0.0945140 -0.0121339 1.3238637 0.5419383 -0.5400885 0.4545528 -0.4560581
31520.220000 0.0941240 -0.0120435 1.3238871 0.5419046 -0.5399915 0.4546335 -0.4561326
31520.320000 0.0945283 -0.0121223 1.3238615 0.5419781 -0.5400609 0.4545171 -0.4560792
31520.420000 0.0945568 -0.0121212 1.3238591 0.5420008 -0.5400515 0.4544940 -0.4560863
31520.520000 0.0945635 -0.0121154 1.3238580 0.5420206 -0.5400375 0.4544763 -0.4560970
31520.620000 0.0941509 -0.0120204 1.3238829 0.5419837 -0.5399358 0.4545627 -0.4561752
31520.721000 0.0941400 -0.0120110 1.3238829 0.5420011 -0.5399181 0.4545494 -0.4561887
31520.820000 0.0941462 -0.0120052 1.3238819 0.5420207 -0.5399040 0.4545318 -0.4561995
31520.920000 0.0945714 -0.0120886 1.3238550 0.5420967 -0.5399778 0.4544105 -0.4561428
31521.020000 0.0941757 -0.0119974 1.3238789 0.5420622 -0.5398794 0.4544926 -0.4562185
31521.120000 0.0945873 -0.0120779 1.3238528 0.5421364 -0.5399501 0.4543745 -0.4561642
31521.220000 0.0946061 -0.0120749 1.3238511 0.5421577 -0.5399386 0.4543539 -0.4561731
31521.320000 0.0946116 -0.0120691 1.3238501 0.5421771 -0.5399243 0.4543367 -0.4561842
31521.420000 0.0946169 -0.0120633 1.3238492 0.5421965 -0.5399099 0.4543194 -0.4561953
31521.520000 0.0942028 -0.0119686 1.3238742 0.5421592 -0.5398078 0.4544062 -0.4562740
31521.620000 0.0946139 -0.0120489 1.3238483 0.5422333 -0.5398783 0.4542884 -0.4562198
31521.720000 0.0946320 -0.0120460 1.3238466 0.5422543 -0.5398666 0.4542680 -0.4562290
31521.820000 0.0942216 -0.0119522 1.3238714 0.5422174 -0.5397654 0.4543540 -0.4563070
31521.920000 0.0946280 -0.0120316 1.3238457 0.5422909 -0.5398347 0.4542373 -0.4562538
31522.021000 0.0946458 -0.0120286 1.3238440 0.5423119 -0.5398229 0.4542170 -0.4562630
31522.120000 0.0942309 -0.0119340 1.3238691 0.5422744 -0.5397206 0.4543040 -0.4563420
31522.220000 0.0942179 -0.0119246 1.3238694 0.5422911 -0.5397023 0.4542914 -0.4563563
31522.320000 0.0942220 -0.0119189 1.3238686 0.5423100 -0.5396878 0.4542747 -0.4563677
31522.420000 0.0946406 -0.0120009 1.3238422 0.5423851 -0.5397596 0.4541550 -0.4563126
31522.520000 0.0946663 -0.0119997 1.3238400 0.5424070 -0.5397494 0.4541328 -0.4563207
31522.620000 0.0946700 -0.0119939 1.3238393 0.5424260 -0.5397346 0.4541161 -0.4563323
31522.720000 0.0942547 -0.0118996 1.3238645 0.5423883 -0.5396321 0.4542033 -0.4564115
31522.820000 0.0946639 -0.0119795 1.3238386 0.5424619 -0.5397021 0.4540861 -0.4563579
31522.921000 0.0942613 -0.0118880 1.3238630 0.5424259 -0.5396023 0.4541701 -0.4564351
31523.020000 0.0946706 -0.0119680 1.3238372 0.5424995 -0.5396723 0.4540529 -0.4563815
31523.120000 0.0946870 -0.0119650 1.3238357 0.5425199 -0.5396602 0.4540332 -0.4563911
31523.220000 0.0946900 -0.0119592 1.3238350 0.5425388 -0.5396450 0.4540166 -0.4564031
31523.321000 0.0946929 -0.0119534 1.3238343 0.5425575 -0.5396300 0.4540002 -0.4564150
31523.420000 0.0946957 -0.0119477 1.3238336 0.5425762 -0.5396149 0.4539837 -0.4564269
31523.520000 0.0942707 -0.0118517 1.3238595 0.5425371 -0.5395104 0.4540734 -0.4565079
31523.620000 0.0946799 -0.0119316 1.3238336 0.5426106 -0.5395803 0.4539563 -0.4564544
31523.720000 0.0942847 -0.0118420 1.3238576 0.5425755 -0.5394819 0.4540385 -0.4565305
31523.820000 0.0946928 -0.0119217 1.3238319 0.5426488 -0.5395516 0.4539217 -0.4564772
31523.921000 0.0942891 -0.0118305 1.3238564 0.5426125 -0.5394514 0.4540061 -0.4565548
31524.020000 0.0947017 -0.0119112 1.3238304 0.5426863 -0.5395222 0.4538883 -0.4565007
31524.121000 0.0947127 -0.0119072 1.3238293 0.5427061 -0.5395086 0.4538698 -0.4565115
31524.220000 0.0942996 -0.0118141 1.3238544 0.5426683 -0.5394067 0.4539566 -0.4565906
31524.321000 0.0947033 -0.0118928 1.3238289 0.5427412 -0.5394752 0.4538408 -0.4565382
31524.421000 0.0943034 -0.0118026 1.3238532 0.5427052 -0.5393760 0.4539244 -0.4566151
31524.520000 0.0942837 -0.0117923 1.3238540 0.5427208 -0.5393560 0.4539135 -0.4566310
31524.620000 0.0942854 -0.0117866 1.3238534 0.5427391 -0.5393406 0.4538974 -0.4566433
31524.720000 0.0942870 -0.0117808 1.3238529 0.5427575 -0.5393251 0.4538814 -0.4566557
31524.820000 0.0942885 -0.0117751 1.3238524 0.5427758 -0.5393097 0.4538654 -0.4566681
31524.920000 0.0942899 -0.0117693 1.3238519 0.5427940 -0.5392942 0.4538494 -0.4566805
31525.020000 0.0942912 -0.0117636 1.3238513 0.5428123 -0.5392787 0.4538335 -0.4566930
31525.121000 0.0942925 -0.0117578 1.3238508 0.5428305 -0.5392632 0.4538176 -0.4567054
31525.220000 0.0942937 -0.0117521 1.3238503 0.5428487 -0.5392476 0.4538017 -0.4567179
31525.320000 0.0947139 -0.0118343 1.3238239 0.5429234 -0.5393198 0.4536822 -0.4566627
31525.420000 0.0947324 -0.0118321 1.3238223 0.5429441 -0.5393077 0.4536619 -0.4566726
31525.520000 0.0943144 -0.0117386 1.3238478 0.5429056 -0.5392045 0.4537498 -0.4567528
31525.620000 0.0947210 -0.0118178 1.3238222 0.5429785 -0.5392737 0.4536335 -0.4566999
31525.720000 0.0943157 -0.0117270 1.3238469 0.5429418 -0.5391731 0.4537184 -0.4567781
31525.820000 0.0942991 -0.0117176 1.3238475 0.5429575 -0.5391538 0.4537069 -0.4567935
31525.920000 0.0942998 -0.0117119 1.3238471 0.5429756 -0.5391381 0.4536912 -0.4568062
31526.020000 0.0947238 -0.0117947 1.3238204 0.5430508 -0.5392109 0.4535706 -0.4567506
31526.120000 0.0943223 -0.0117050 1.3238449 0.5430144 -0.5391113 0.4536547 -0.4568280
31526.220000 0.0943013 -0.0116947 1.3238458 0.5430296 -0.5390909 0.4536442 -0.4568443
31526.320000 0.0947251 -0.0117774 1.3238191 0.5431048 -0.5391636 0.4535237 -0.4567888
31526.420000 0.0947387 -0.0117744 1.3238179 0.5431246 -0.5391505 0.4535048 -0.4567995
31526.520000 0.0943195 -0.0116811 1.3238435 0.5430859 -0.5390471 0.4535931 -0.4568799
31526.620000 0.0943025 -0.0116718 1.3238441 0.5431013 -0.5390278 0.4535819 -0.4568954
31526.720000 0.0947178 -0.0117527 1.3238180 0.5431755 -0.5390985 0.4534634 -0.4568414
31526.821000 0.0947393 -0.0117514 1.3238163 0.5431963 -0.5390871 0.4534426 -0.4568508
31526.920000 0.0947393 -0.0117456 1.3238159 0.5432142 -0.5390712 0.4534271 -0.4568637
31527.021000 0.0943199 -0.0116524 1.3238415 0.5431753 -0.5389677 0.4535154 -0.4569443
31527.120000 0.0943024 -0.0116431 1.3238422 0.5431908 -0.5389482 0.4535043 -0.4569600
31527.220000 0.0943023 -0.0116373 1.3238419 0.5432087 -0.5389322 0.4534888 -0.4569730
31527.320000 0.0943021 -0.0116316 1.3238415 0.5432263 -0.5389164 0.4534735 -0.4569858
31527.420000 0.0943018 -0.0116259 1.3238411 0.5432443 -0.5389003 0.4534580 -0.4569989
31527.520000 0.0943014 -0.0116201 1.3238408 0.5432621 -0.5388843 0.4534426 -0.4570120
31527.620000 0.0947203 -0.0117017 1.3238145 0.5433363 -0.5389560 0.4533235 -0.4569572
31527.720000 0.0947373 -0.0116995 1.3238131 0.5433566 -0.5389434 0.4533037 -0.4569675
31527.820000 0.0947368 -0.0116938 1.3238127 0.5433744 -0.5389274 0.4532884 -0.4569806
31527.920000 0.0943168 -0.0116008 1.3238384 0.5433354 -0.5388237 0.4533769 -0.4570614
31528.021000 0.0942989 -0.0115915 1.3238392 0.5433507 -0.5388040 0.4533658 -0.4570773
31528.120000 0.0942983 -0.0115857 1.3238388 0.5433684 -0.5387879 0.4533505 -0.4570904
31528.220000 0.0947211 -0.0116680 1.3238123 0.5434434 -0.5388602 0.4532304 -0.4570351
31528.320000 0.0947336 -0.0116651 1.3238111 0.5434627 -0.5388470 0.4532120 -0.4570460
31528.420000 0.0943135 -0.0115722 1.3238368 0.5434238 -0.5387432 0.4533004 -0.4571270
31528.520000 0.0947187 -0.0116507 1.3238114 0.5434963 -0.5388118 0.4531847 -0.4570746
31528.620000 0.0947310 -0.0116477 1.3238103 0.5435158 -0.5387984 0.4531662 -0.4570857
31528.720000 0.0947301 -0.0116420 1.3238100 0.5435334 -0.5387822 0.4531510 -0.4570989
31528.820000 0.0947291 -0.0116362 1.3238097 0.5435510 -0.5387660 0.4531358 -0.4571121
31528.920000 0.0947281 -0.0116305 1.3238094 0.5435686 -0.5387498 0.4531206 -0.4571253
31529.020000 0.0947270 -0.0116247 1.3238091 0.5435861 -0.5387336 0.4531054 -0.4571386
31529.120000 0.0947259 -0.0116190 1.3238089 0.5436037 -0.5387173 0.4530903 -0.4571518
31529.220000 0.0943053 -0.0115264 1.3238346 0.5435645 -0.5386136 0.4531789 -0.4572329
31529.321000 0.0947103 -0.0116047 1.3238092 0.5436370 -0.5386821 0.4530633 -0.4571806
31529.420000 0.0943110 -0.0115166 1.3238336 0.5436007 -0.5385827 0.4531467 -0.4572582
31529.520000 0.0947076 -0.0115932 1.3238087 0.5436720 -0.5386495 0.4530332 -0.4572072
31529.620000 0.0947198 -0.0115903 1.3238076 0.5436912 -0.5386361 0.4530149 -0.4572182
31529.720000 0.0947185 -0.0115845 1.3238074 0.5437087 -0.5386198 0.4529998 -0.4572316
31529.820000 0.0947170 -0.0115787 1.3238071 0.5437263 -0.5386033 0.4529846 -0.4572451
31529.920000 0.0947156 -0.0115730 1.3238069 0.5437438 -0.5385870 0.4529695 -0.4572585
31530.020000 0.0947141 -0.0115673 1.3238066 0.5437613 -0.5385707 0.4529545 -0.4572718
31530.120000 0.0947127 -0.0115616 1.3238064 0.5437786 -0.5385545 0.4529396 -0.4572851
31530.220000 0.0942918 -0.0114692 1.3238322 0.5437395 -0.5384504 0.4530281 -0.4573664
31530.320000 0.0946921 -0.0115465 1.3238071 0.5438111 -0.5385181 0.4529139 -0.4573147
31530.420000 0.0947079 -0.0115443 1.3238058 0.5438311 -0.5385052 0.4528944 -0.4573255
31530.520000 0.0947063 -0.0115385 1.3238055 0.5438485 -0.5384888 0.4528794 -0.4573389
31530.621000 0.0947047 -0.0115329 1.3238053 0.5438657 -0.5384725 0.4528646 -0.4573522
31530.720000 0.0942836 -0.0114406 1.3238311 0.5438265 -0.5383685 0.4529532 -0.4574336
31530.820000 0.0942644 -0.0114313 1.3238320 0.5438416 -0.5383484 0.4529425 -0.4574499
31530.921000 0.0946820 -0.0115120 1.3238058 0.5439155 -0.5384196 0.4528240 -0.4573955
31531.020000 0.0946976 -0.0115099 1.3238045 0.5439354 -0.5384066 0.4528046 -0.4574063
31531.120000 0.0946958 -0.0115041 1.3238043 0.5439528 -0.5383901 0.4527897 -0.4574198
31531.220000 0.0946940 -0.0114984 1.3238041 0.5439702 -0.5383737 0.4527748 -0.4574333
31531.321000 0.0946921 -0.0114926 1.3238039 0.5439875 -0.5383572 0.4527599 -0.4574469
31531.420000 0.0946902 -0.0114870 1.3238038 0.5440047 -0.5383408 0.4527451 -0.4574603
31531.520000 0.0946882 -0.0114812 1.3238036 0.5440222 -0.5383242 0.4527301 -0.4574739
31531.620000 0.0946862 -0.0114754 1.3238034 0.5440395 -0.5383077 0.4527152 -0.4574875
31531.720000 0.0942650 -0.0113836 1.3238292 0.5440001 -0.5382037 0.4528040 -0.4575688
31531.820000 0.0946648 -0.0114604 1.3238041 0.5440716 -0.5382711 0.4526899 -0.4575173
31531.921000 0.0946802 -0.0114582 1.3238029 0.5440914 -0.5382581 0.4526706 -0.4575282
31532.021000 0.0946781 -0.0114525 1.3238027 0.5441087 -0.5382415 0.4526557 -0.4575418
31532.120000 0.0946760 -0.0114468 1.3238025 0.5441260 -0.5382250 0.4526409 -0.4575554
31532.220000 0.0946738 -0.0114411 1.3238024 0.5441433 -0.5382084 0.4526261 -0.4575690
31532.320000 0.0946717 -0.0114353 1.3238022 0.5441606 -0.5381919 0.4526112 -0.4575827
31532.420000 0.0942499 -0.0113436 1.3238281 0.5441210 -0.5380878 0.4527001 -0.4576641
31532.520000 0.0942303 -0.0113343 1.3238290 0.5441359 -0.5380676 0.4526896 -0.4576806
31532.620000 0.0946518 -0.0114154 1.3238026 0.5442105 -0.5381393 0.4525700 -0.4576257
31532.720000 0.0946628 -0.0114124 1.3238016 0.5442296 -0.5381255 0.4525520 -0.4576372
31532.820000 0.0942450 -0.0113217 1.3238272 0.5441904 -0.5380224 0.4526400 -0.4577180
31532.920000 0.0946448 -0.0113982 1.3238021 0.5442622 -0.5380895 0.4525257 -0.4576667
31533.020000 0.0946559 -0.0113952 1.3238012 0.5442813 -0.5380756 0.4525076 -0.4576782
31533.120000 0.0946536 -0.0113896 1.3238010 0.5442983 -0.5380592 0.4524930 -0.4576918
31533.220000 0.0946511 -0.0113838 1.3238009 0.5443157 -0.5380424 0.4524781 -0.4577056
31533.320000 0.0942291 -0.0112923 1.3238268 0.5442761 -0.5379383 0.4525670 -0.4577872
31533.420000 0.0946331 -0.0113696 1.3238014 0.5443483 -0.5380063 0.4524518 -0.4577352
31533.520000 0.0946439 -0.0113666 1.3238005 0.5443673 -0.5379924 0.4524338 -0.4577467
31533.621000 0.0942179 -0.0112744 1.3238266 0.5443269 -0.5378876 0.4525238 -0.4578288
31533.720000 0.0942020 -0.0112660 1.3238273 0.5443425 -0.5378680 0.4525123 -0.4578449
31533.820000 0.0946190 -0.0113460 1.3238012 0.5444163 -0.5379389 0.4523940 -0.4577906
31533.920000 0.0946340 -0.0113438 1.3238000 0.5444359 -0.5379259 0.4523750 -0.4578015
31534.021000 0.0942119 -0.0112525 1.3238259 0.5443964 -0.5378216 0.4524638 -0.4578833
31534.120000 0.0946156 -0.0113296 1.3238005 0.5444686 -0.5378895 0.4523487 -0.4578313
31534.220000 0.0946263 -0.0113266 1.3237996 0.5444875 -0.5378756 0.4523307 -0.4578429
31534.320000 0.0942040 -0.0112354 1.3238255 0.5444478 -0.5377714 0.4524197 -0.4579246
31534.420000 0.0946079 -0.0113125 1.3238002 0.5445200 -0.5378394 0.4523046 -0.4578726
31534.520000 0.0946185 -0.0113095 1.3237993 0.5445390 -0.5378254 0.4522866 -0.4578842
31534.620000 0.0946158 -0.0113037 1.3237991 0.5445561 -0.5378087 0.4522719 -0.4578980
31534.721000 0.0946132 -0.0112980 1.3237990 0.5445732 -0.5377919 0.4522572 -0.4579118
31534.820000 0.0946105 -0.0112923 1.3237989 0.5445904 -0.5377752 0.4522426 -0.4579256
31534.920000 0.0946078 -0.0112866 1.3237988 0.5446075 -0.5377584 0.4522279 -0.4579394
31535.020000 0.0946051 -0.0112809 1.3237987 0.5446246 -0.5377417 0.4522132 -0.4579532
31535.120000 0.0946024 -0.0112752 1.3237986 0.5446417 -0.5377249 0.4521985 -0.4579670
31535.220000 0.0945996 -0.0112695 1.3237985 0.5446588 -0.5377081 0.4521839 -0.4579809
31535.321000 0.0945969 -0.0112638 1.3237984 0.5446759 -0.5376914 0.4521692 -0.4579947
31535.421000 0.0945941 -0.0112581 1.3237983 0.5446930 -0.5376746 0.4521546 -0.4580085
31535.520000 0.0945913 -0.0112523 1.3237982 0.5447101 -0.5376578 0.4521399 -0.4580223
31535.620000 0.0941729 -0.0111623 1.3238239 0.5446707 -0.5375546 0.4522280 -0.4581033
31535.720000 0.0941486 -0.0111523 1.3238252 0.5446851 -0.5375332 0.4522185 -0.4581208
31535.820000 0.0941458 -0.0111466 1.3238251 0.5447021 -0.5375164 0.4522039 -0.4581347
31535.920000 0.0945668 -0.0112268 1.3237987 0.5447767 -0.5375878 0.4520846 -0.4580799
31536.021000 0.0941615 -0.0111396 1.3238236 0.5447390 -0.5374874 0.4521695 -0.4581588
31536.120000 0.0945609 -0.0112154 1.3237985 0.5448108 -0.5375542 0.4520554 -0.4581076
31536.220000 0.0941557 -0.0111283 1.3238234 0.5447732 -0.5374538 0.4521402 -0.4581865
31536.320000 0.0945551 -0.0112040 1.3237983 0.5448450 -0.5375205 0.4520261 -0.4581354
31536.420000 0.0941499 -0.0111169 1.3238232 0.5448073 -0.5374201 0.4521110 -0.4582143
31536.520000 0.0945408 -0.0111909 1.3237987 0.5448779 -0.5374851 0.4519990 -0.4581645
31536.620000 0.0945597 -0.0111896 1.3237973 0.5448980 -0.5374728 0.4519790 -0.4581749
31536.720000 0.0941284 -0.0110973 1.3238238 0.5448569 -0.5373668 0.4520701 -0.4582581
31536.820000 0.0941166 -0.0110898 1.3238242 0.5448728 -0.5373481 0.4520577 -0.4582735
31536.920000 0.0941136 -0.0110842 1.3238241 0.5448898 -0.5373312 0.4520431 -0.4582874
31537.020000 0.0945346 -0.0111641 1.3237978 0.5449643 -0.5374026 0.4519239 -0.4582326
31537.120000 0.0945448 -0.0111611 1.3237969 0.5449832 -0.5373885 0.4519060 -0.4582444
31537.221000 0.0945418 -0.0111554 1.3237968 0.5450002 -0.5373716 0.4518914 -0.4582583
31537.320000 0.0941189 -0.0110650 1.3238228 0.5449603 -0.5372674 0.4519804 -0.4583402
31537.421000 0.0945225 -0.0111413 1.3237975 0.5450325 -0.5373351 0.4518655 -0.4582883
31537.520000 0.0945327 -0.0111383 1.3237966 0.5450513 -0.5373210 0.4518476 -0.4583001
31537.620000 0.0945296 -0.0111326 1.3237965 0.5450683 -0.5373041 0.4518330 -0.4583140
31537.720000 0.0940984 -0.0110406 1.3238230 0.5450273 -0.5371981 0.4519241 -0.4583973
31537.820000 0.0940863 -0.0110332 1.3238235 0.5450429 -0.5371795 0.4519119 -0.4584126
31537.921000 0.0940832 -0.0110275 1.3238234 0.5450601 -0.5371624 0.4518972 -0.4584266
31538.020000 0.0945041 -0.0111072 1.3237971 0.5451346 -0.5372337 0.4517780 -0.4583719
31538.120000 0.0945142 -0.0111042 1.3237962 0.5451534 -0.5372196 0.4517602 -0.4583837
31538.220000 0.0945111 -0.0110985 1.3237961 0.5451704 -0.5372027 0.4517456 -0.4583976
31538.320000 0.0945080 -0.0110928 1.3237961 0.5451874 -0.5371858 0.4517310 -0.4584116
31538.420000 0.0940891 -0.0110035 1.3238218 0.5451479 -0.5370825 0.4518192 -0.4584928
31538.520000 0.0944883 -0.0110787 1.3237968 0.5452196 -0.5371491 0.4517052 -0.4584417
31538.620000 0.0944985 -0.0110757 1.3237959 0.5452384 -0.5371350 0.4516873 -0.4584535
31538.720000 0.0940758 -0.0109857 1.3238219 0.5451985 -0.5370308 0.4517763 -0.4585354
31538.820000 0.0944705 -0.0110600 1.3237971 0.5452695 -0.5370966 0.4516636 -0.4584849
31538.920000 0.0944890 -0.0110587 1.3237957 0.5452894 -0.5370842 0.4516437 -0.4584954
31539.020000 0.0940574 -0.0109670 1.3238222 0.5452483 -0.5369781 0.4517348 -0.4585788
31539.120000 0.0944696 -0.0110447 1.3237964 0.5453216 -0.5370476 0.4516178 -0.4585255
31539.220000 0.0944794 -0.0110416 1.3237956 0.5453404 -0.5370333 0.4516000 -0.4585373
31539.320000 0.0940562 -0.0109517 1.3238216 0.5453004 -0.5369290 0.4516890 -0.4586194
31539.420000 0.0940357 -0.0109426 1.3238226 0.5453150 -0.5369085 0.4516788 -0.4586362
31539.520000 0.0944565 -0.0110219 1.3237962 0.5453895 -0.5369797 0.4515597 -0.4585814
31539.620000 0.0944665 -0.0110189 1.3237953 0.5454083 -0.5369655 0.4515418 -0.4585933
31539.721000 0.0944632 -0.0110132 1.3237953 0.5454253 -0.5369485 0.4515273 -0.4586073
31539.820000 0.0940446 -0.0109244 1.3238210 0.5453857 -0.5368453 0.4516153 -0.4586885
31539.920000 0.0944433 -0.0109992 1.3237960 0.5454574 -0.5369118 0.4515015 -0.4586375
31540.020000 0.0940335 -0.0109121 1.3238212 0.5454192 -0.5368103 0.4515872 -0.4587174
31540.120000 0.0944285 -0.0109862 1.3237965 0.5454902 -0.5368761 0.4514745 -0.4586668
31540.220000 0.0944469 -0.0109848 1.3237951 0.5455101 -0.5368636 0.4514546 -0.4586773
31540.320000 0.0944436 -0.0109791 1.3237950 0.5455271 -0.5368466 0.4514401 -0.4586913
31540.420000 0.0944403 -0.0109735 1.3237950 0.5455441 -0.5368296 0.4514256 -0.4587054
31540.521000 0.0944370 -0.0109678 1.3237949 0.5455610 -0.5368126 0.4514110 -0.4587194
31540.620000 0.0940218 -0.0108799 1.3238204 0.5455220 -0.5367100 0.4514980 -0.4588002
31540.720000 0.0944168 -0.0109537 1.3237957 0.5455931 -0.5367758 0.4513853 -0.4587496
31540.820000 0.0944270 -0.0109508 1.3237948 0.5456119 -0.5367616 0.4513674 -0.4587614
31540.920000 0.0944237 -0.0109451 1.3237948 0.5456288 -0.5367446 0.4513529 -0.4587755
31541.020000 0.0939920 -0.0108540 1.3238213 0.5455876 -0.5366386 0.4514439 -0.4588590
31541.120000 0.0944040 -0.0109312 1.3237955 0.5456610 -0.5367079 0.4513271 -0.4588056
31541.220000 0.0944137 -0.0109281 1.3237947 0.5456797 -0.5366936 0.4513093 -0.4588176
31541.320000 0.0939944 -0.0108396 1.3238204 0.5456400 -0.5365903 0.4513974 -0.4588989
31541.421000 0.0943936 -0.0109141 1.3237954 0.5457118 -0.5366568 0.4512836 -0.4588478
31541.520000 0.0944036 -0.0109111 1.3237945 0.5457305 -0.5366425 0.4512658 -0.4588597
31541.620000 0.0939802 -0.0108218 1.3238206 0.5456904 -0.5365382 0.4513548 -0.4589419
31541.720000 0.0943836 -0.0108971 1.3237953 0.5457626 -0.5366057 0.4512400 -0.4588899
31541.820000 0.0943935 -0.0108941 1.3237944 0.5457814 -0.5365914 0.4512222 -0.4589018
31541.920000 0.0943901 -0.0108884 1.3237944 0.5457983 -0.5365744 0.4512077 -0.4589159
31542.020000 0.0943867 -0.0108827 1.3237944 0.5458152 -0.5365573 0.4511932 -0.4589299
31542.120000 0.0943833 -0.0108771 1.3237943 0.5458322 -0.5365403 0.4511787 -0.4589440
31542.220000 0.0943799 -0.0108714 1.3237943 0.5458491 -0.5365232 0.4511641 -0.4589580
31542.320000 0.0943765 -0.0108657 1.3237943 0.5458660 -0.5365062 0.4511496 -0.4589721
31542.420000 0.0939529 -0.0107767 1.3238203 0.5458259 -0.5364018 0.4512386 -0.4590543
31542.520000 0.0943480 -0.0108501 1.3237955 0.5458970 -0.5364676 0.4511259 -0.4590037
31542.620000 0.0943662 -0.0108488 1.3237942 0.5459167 -0.5364552 0.4511062 -0.4590142
31542.720000 0.0943628 -0.0108431 1.3237941 0.5459338 -0.5364380 0.4510916 -0.4590283
31542.820000 0.0943593 -0.0108374 1.3237941 0.5459507 -0.5364209 0.4510771 -0.4590424
31542.920000 0.0943559 -0.0108318 1.3237941 0.5459676 -0.5364038 0.4510625 -0.4590565
31543.020000 0.0943525 -0.0108261 1.3237941 0.5459846 -0.5363868 0.4510480 -0.4590706
31543.120000 0.0939292 -0.0107373 1.3238201 0.5459444 -0.5362825 0.4511369 -0.4591528
31543.220000 0.0939081 -0.0107282 1.3238211 0.5459589 -0.5362617 0.4511268 -0.4591697
31543.320000 0.0939047 -0.0107226 1.3238211 0.5459757 -0.5362448 0.4511124 -0.4591837
31543.420000 0.0939012 -0.0107169 1.3238211 0.5459928 -0.5362276 0.4510977 -0.4591979
31543.520000 0.0938977 -0.0107113 1.3238211 0.5460097 -0.5362105 0.4510832 -0.4592120
31543.620000 0.0943184 -0.0107895 1.3237947 0.5460843 -0.5362815 0.4509642 -0.4591572
31543.720000 0.0939081 -0.0107035 1.3238199 0.5460459 -0.5361799 0.4510499 -0.4592373
31543.820000 0.0943115 -0.0107782 1.3237947 0.5461181 -0.5362474 0.4509352 -0.4591853
31543.920000 0.0939011 -0.0106922 1.3238199 0.5460797 -0.5361458 0.4510209 -0.4592655
31544.020000 0.0943045 -0.0107669 1.3237946 0.5461520 -0.5362132 0.4509062 -0.4592135
31544.120000 0.0943143 -0.0107639 1.3237938 0.5461707 -0.5361988 0.4508884 -0.4592255
31544.220000 0.0938906 -0.0106753 1.3238198 0.5461305 -0.5360945 0.4509774 -0.4593078
31544.320000 0.0942856 -0.0107483 1.3237951 0.5462016 -0.5361601 0.4508647 -0.4592572
31544.420000 0.0943038 -0.0107469 1.3237937 0.5462214 -0.5361475 0.4508449 -0.4592677
31544.520000 0.0938801 -0.0106584 1.3238197 0.5461812 -0.5360432 0.4509338 -0.4593501
31544.620000 0.0942835 -0.0107330 1.3237945 0.5462535 -0.5361106 0.4508191 -0.4592981
31544.720000 0.0942933 -0.0107300 1.3237936 0.5462720 -0.5360964 0.4508015 -0.4593099
31544.820000 0.0942898 -0.0107243 1.3237936 0.5462891 -0.5360791 0.4507869 -0.4593241
31544.920000 0.0942862 -0.0107187 1.3237936 0.5463060 -0.5360620 0.4507724 -0.4593382
31545.020000 0.0938625 -0.0106303 1.3238196 0.5462658 -0.5359576 0.4508613 -0.4594206
31545.120000 0.0938416 -0.0106213 1.3238207 0.5462803 -0.5359369 0.4508510 -0.4594375
31545.220000 0.0938381 -0.0106157 1.3238207 0.5462971 -0.5359199 0.4508367 -0.4594515
31545.320000 0.0942590 -0.0106935 1.3237943 0.5463719 -0.5359908 0.4507176 -0.4593968
31545.420000 0.0942686 -0.0106904 1.3237935 0.5463906 -0.5359763 0.4506998 -0.4594087
31545.520000 0.0938363 -0.0106006 1.3238201 0.5463491 -0.5358702 0.4507908 -0.4594925
31545.621000 0.0942444 -0.0106758 1.3237945 0.5464219 -0.5359387 0.4506751 -0.4594396
31545.720000 0.0942580 -0.0106735 1.3237934 0.5464413 -0.5359250 0.4506563 -0.4594511
31545.820000 0.0942544 -0.0106679 1.3237934 0.5464582 -0.5359078 0.4506418 -0.4594652
31545.920000 0.0942509 -0.0106622 1.3237934 0.5464751 -0.5358907 0.4506273 -0.4594793
31546.020000 0.0942473 -0.0106566 1.3237934 0.5464920 -0.5358735 0.4506127 -0.4594934
31546.120000 0.0942438 -0.0106509 1.3237934 0.5465089 -0.5358564 0.4505982 -0.4595075
31546.220000 0.0942402 -0.0106453 1.3237933 0.5465258 -0.5358393 0.4505837 -0.4595217
31546.320000 0.0938205 -0.0105582 1.3238191 0.5464859 -0.5357359 0.4506717 -0.4596033
31546.420000 0.0942197 -0.0106314 1.3237941 0.5465578 -0.5358022 0.4505580 -0.4595521
31546.520000 0.0938092 -0.0105461 1.3238194 0.5465193 -0.5357006 0.4506436 -0.4596323
31546.620000 0.0942127 -0.0106201 1.3237941 0.5465916 -0.5357679 0.4505289 -0.4595803
31546.720000 0.0942224 -0.0106171 1.3237933 0.5466103 -0.5357535 0.4505112 -0.4595923
31546.821000 0.0937985 -0.0105293 1.3238193 0.5465700 -0.5356491 0.4506000 -0.4596747
31546.920000 0.0942020 -0.0106032 1.3237940 0.5466423 -0.5357164 0.4504854 -0.4596227
31547.020000 0.0937955 -0.0105189 1.3238190 0.5466042 -0.5356158 0.4505701 -0.4597022
31547.120000 0.0941862 -0.0105903 1.3237946 0.5466749 -0.5356803 0.4504585 -0.4596523
31547.220000 0.0937845 -0.0105069 1.3238192 0.5466377 -0.5355806 0.4505419 -0.4597312
31547.320000 0.0941876 -0.0105807 1.3237940 0.5467099 -0.5356478 0.4504273 -0.4596792
31547.421000 0.0937770 -0.0104956 1.3238192 0.5466714 -0.5355462 0.4505129 -0.4597595
31547.520000 0.0941721 -0.0105678 1.3237945 0.5467426 -0.5356117 0.4504004 -0.4597088
31547.620000 0.0941901 -0.0105664 1.3237931 0.5467624 -0.5355990 0.4503805 -0.4597194
31547.720000 0.0941865 -0.0105608 1.3237931 0.5467793 -0.5355818 0.4503660 -0.4597335
31547.820000 0.0937542 -0.0104716 1.3238197 0.5467379 -0.5354757 0.4504569 -0.4598174
31547.920000 0.0941663 -0.0105470 1.3237939 0.5468114 -0.5355448 0.4503402 -0.4597639
31548.020000 0.0941757 -0.0105439 1.3237931 0.5468300 -0.5355303 0.4503225 -0.4597760
31548.120000 0.0941721 -0.0105382 1.3237931 0.5468469 -0.5355131 0.4503079 -0.4597901
31548.220000 0.0941685 -0.0105326 1.3237930 0.5468638 -0.5354959 0.4502934 -0.4598042
31548.320000 0.0941650 -0.0105270 1.3237930 0.5468806 -0.5354789 0.4502790 -0.4598182
31548.420000 0.0941613 -0.0105214 1.3237930 0.5468974 -0.5354617 0.4502645 -0.4598324
31548.520000 0.0937375 -0.0104340 1.3238191 0.5468573 -0.5353572 0.4503532 -0.4599150
31548.620000 0.0937163 -0.0104250 1.3238201 0.5468718 -0.5353364 0.4503430 -0.4599320
31548.720000 0.0937127 -0.0104194 1.3238201 0.5468887 -0.5353192 0.4503284 -0.4599461
31548.820000 0.0941336 -0.0104963 1.3237938 0.5469634 -0.5353900 0.4502096 -0.4598912
31548.920000 0.0941432 -0.0104932 1.3237930 0.5469821 -0.5353755 0.4501918 -0.4599032
31549.020000 0.0937237 -0.0104069 1.3238187 0.5469422 -0.5352723 0.4502796 -0.4599849
31549.120000 0.0941226 -0.0104794 1.3237938 0.5470141 -0.5353384 0.4501660 -0.4599337
31549.220000 0.0941324 -0.0104764 1.3237929 0.5470328 -0.5353239 0.4501482 -0.4599457
31549.320000 0.0937083 -0.0103892 1.3238190 0.5469924 -0.5352196 0.4502370 -0.4600282
31549.420000 0.0936873 -0.0103802 1.3238200 0.5470069 -0.5351988 0.4502267 -0.4600452
31549.520000 0.0940998 -0.0104553 1.3237942 0.5470805 -0.5352678 0.4501099 -0.4599916
31549.620000 0.0936935 -0.0103717 1.3238192 0.5470424 -0.5351673 0.4501945 -0.4600712
31549.720000 0.0940927 -0.0104441 1.3237942 0.5471143 -0.5352334 0.4500808 -0.4600199
31549.821000 0.0936904 -0.0103613 1.3238189 0.5470769 -0.5351336 0.4501643 -0.4600989
31549.920000 0.0936691 -0.0103523 1.3238200 0.5470914 -0.5351127 0.4501541 -0.4601160
31550.020000 0.0936655 -0.0103467 1.3238200 0.5471083 -0.5350955 0.4501395 -0.4601301
31550.120000 0.0936618 -0.0103411 1.3238200 0.5471252 -0.5350783 0.4501250 -0.4601443
31550.220000 0.0940827 -0.0104176 1.3237937 0.5471999 -0.5351490 0.4500062 -0.4600894
31550.320000 0.0936719 -0.0103333 1.3238189 0.5471613 -0.5350474 0.4500917 -0.4601698
31550.420000 0.0936509 -0.0103244 1.3238200 0.5471757 -0.5350267 0.4500815 -0.4601866
31550.520000 0.0940717 -0.0104007 1.3237936 0.5472506 -0.5350973 0.4499626 -0.4601318
31550.620000 0.0936524 -0.0103149 1.3238194 0.5472108 -0.5349940 0.4500502 -0.4602137
31550.720000 0.0936399 -0.0103076 1.3238199 0.5472264 -0.5349751 0.4500379 -0.4602291
31550.820000 0.0936362 -0.0103020 1.3238199 0.5472434 -0.5349577 0.4500233 -0.4602434
31550.920000 0.0936326 -0.0102964 1.3238199 0.5472603 -0.5349404 0.4500087 -0.4602576
31551.020000 0.0936289 -0.0102908 1.3238199 0.5472772 -0.5349232 0.4499942 -0.4602717
31551.120000 0.0940499 -0.0103671 1.3237936 0.5473520 -0.5349939 0.4498753 -0.4602168
31551.220000 0.0940595 -0.0103640 1.3237928 0.5473709 -0.5349793 0.4498574 -0.4602289
31551.320000 0.0940559 -0.0103585 1.3237927 0.5473874 -0.5349623 0.4498431 -0.4602428
31551.420000 0.0936321 -0.0102719 1.3238188 0.5473472 -0.5348579 0.4499316 -0.4603255
31551.520000 0.0936106 -0.0102629 1.3238199 0.5473617 -0.5348370 0.4499215 -0.4603426
31551.621000 0.0940316 -0.0103390 1.3237935 0.5474365 -0.5349077 0.4498026 -0.4602876
31551.720000 0.0940412 -0.0103360 1.3237927 0.5474552 -0.5348932 0.4497848 -0.4602996
31551.820000 0.0936169 -0.0102495 1.3238188 0.5474147 -0.5347888 0.4498736 -0.4603823
31551.921000 0.0935960 -0.0102406 1.3238198 0.5474291 -0.5347681 0.4498634 -0.4603991
31552.021000 0.0935922 -0.0102350 1.3238198 0.5474461 -0.5347507 0.4498487 -0.4604134
31552.120000 0.0940132 -0.0103110 1.3237935 0.5475209 -0.5348214 0.4497299 -0.4603585
31552.220000 0.0935937 -0.0102256 1.3238193 0.5474811 -0.5347180 0.4498174 -0.4604404
31552.320000 0.0940062 -0.0102999 1.3237935 0.5475548 -0.5347869 0.4497007 -0.4603868
31552.420000 0.0935864 -0.0102144 1.3238193 0.5475149 -0.5346835 0.4497883 -0.4604687
31552.520000 0.0939988 -0.0102887 1.3237935 0.5475886 -0.5347524 0.4496716 -0.4604151
31552.620000 0.0935875 -0.0102049 1.3238187 0.5475499 -0.5346507 0.4497571 -0.4604957
31552.720000 0.0935665 -0.0101960 1.3238198 0.5475644 -0.5346299 0.4497468 -0.4605127
31552.820000 0.0939878 -0.0102719 1.3237935 0.5476393 -0.5347006 0.4496280 -0.4604576
31552.920000 0.0935765 -0.0101882 1.3238187 0.5476005 -0.5345989 0.4497135 -0.4605382
31553.021000 0.0939802 -0.0102606 1.3237935 0.5476730 -0.5346660 0.4495989 -0.4604860
31553.120000 0.0939898 -0.0102575 1.3237926 0.5476917 -0.5346515 0.4495811 -0.4604980
31553.220000 0.0939861 -0.0102520 1.3237926 0.5477086 -0.5346342 0.4495665 -0.4605122
31553.320000 0.0939824 -0.0102464 1.3237926 0.5477255 -0.5346169 0.4495520 -0.4605264
31553.421000 0.0939787 -0.0102408 1.3237926 0.5477424 -0.5345996 0.4495374 -0.4605406
31553.520000 0.0935459 -0.0101531 1.3238192 0.5477008 -0.5344935 0.4496282 -0.4606247
31553.620000 0.0939583 -0.0102271 1.3237934 0.5477744 -0.5345624 0.4495115 -0.4605711
31553.720000 0.0935385 -0.0101420 1.3238192 0.5477345 -0.5344589 0.4495991 -0.4606530
31553.820000 0.0939509 -0.0102159 1.3237934 0.5478082 -0.5345278 0.4494824 -0.4605994
31553.921000 0.0939603 -0.0102128 1.3237926 0.5478269 -0.5345132 0.4494646 -0.4606115
31554.020000 0.0935359 -0.0101269 1.3238186 0.5477864 -0.5344088 0.4495533 -0.4606942
31554.120000 0.0935148 -0.0101180 1.3238197 0.5478009 -0.5343879 0.4495429 -0.4607112
31554.220000 0.0939359 -0.0101935 1.3237934 0.5478758 -0.5344585 0.4494241 -0.4606562
31554.321000 0.0939455 -0.0101904 1.3237926 0.5478945 -0.5344440 0.4494063 -0.4606682
31554.420000 0.0935252 -0.0101055 1.3238184 0.5478544 -0.5343406 0.4494941 -0.4607502
31554.520000 0.0935001 -0.0100958 1.3238197 0.5478683 -0.5343189 0.4494848 -0.4607678
31554.620000 0.0939210 -0.0101711 1.3237934 0.5479434 -0.5343893 0.4493659 -0.4607129
31554.720000 0.0939307 -0.0101680 1.3237926 0.5479621 -0.5343748 0.4493480 -0.4607250
31554.820000 0.0935109 -0.0100833 1.3238183 0.5479220 -0.5342715 0.4494357 -0.4608068
31554.920000 0.0934853 -0.0100736 1.3238197 0.5479359 -0.5342497 0.4494265 -0.4608246
31555.020000 0.0939062 -0.0101487 1.3237934 0.5480110 -0.5343201 0.4493076 -0.4607697
31555.120000 0.0939159 -0.0101457 1.3237925 0.5480297 -0.5343055 0.4492897 -0.4607817
31555.220000 0.0939122 -0.0101401 1.3237925 0.5480466 -0.5342882 0.4492751 -0.4607959
31555.320000 0.0939085 -0.0101345 1.3237925 0.5480635 -0.5342709 0.4492606 -0.4608101
31555.420000 0.0939048 -0.0101290 1.3237925 0.5480802 -0.5342538 0.4492461 -0.4608241
31555.520000 0.0934805 -0.0100435 1.3238186 0.5480399 -0.5341493 0.4493346 -0.4609070
31555.621000 0.0938841 -0.0101152 1.3237933 0.5481124 -0.5342162 0.4492201 -0.4608548
31555.720000 0.0934644 -0.0100307 1.3238191 0.5480725 -0.5341128 0.4493075 -0.4609368
31555.820000 0.0938770 -0.0101041 1.3237933 0.5481462 -0.5341816 0.4491908 -0.4608832
31555.921000 0.0938863 -0.0101010 1.3237925 0.5481649 -0.5341670 0.4491731 -0.4608952
31556.020000 0.0938825 -0.0100954 1.3237925 0.5481818 -0.5341497 0.4491585 -0.4609094
31556.120000 0.0934580 -0.0100101 1.3238186 0.5481413 -0.5340453 0.4492471 -0.4609923
31556.220000 0.0934370 -0.0100013 1.3238196 0.5481558 -0.5340244 0.4492367 -0.4610093
31556.321000 0.0934333 -0.0099958 1.3238196 0.5481725 -0.5340072 0.4492223 -0.4610233
31556.420000 0.0934295 -0.0099902 1.3238196 0.5481896 -0.5339897 0.4492076 -0.4610377
31556.520000 0.0938507 -0.0100650 1.3237933 0.5482645 -0.5340602 0.4490888 -0.4609826
31556.620000 0.0934395 -0.0099823 1.3238185 0.5482258 -0.5339586 0.4491741 -0.4610632
31556.720000 0.0934184 -0.0099735 1.3238196 0.5482403 -0.5339377 0.4491638 -0.4610803
31556.820000 0.0934147 -0.0099680 1.3238196 0.5482570 -0.5339205 0.4491493 -0.4610943
31556.920000 0.0938360 -0.0100427 1.3237933 0.5483322 -0.5339909 0.4490304 -0.4610393
31557.020000 0.0938454 -0.0100396 1.3237925 0.5483509 -0.5339763 0.4490125 -0.4610514
31557.120000 0.0938417 -0.0100340 1.3237925 0.5483678 -0.5339589 0.4489979 -0.4610656
31557.220000 0.0938380 -0.0100285 1.3237925 0.5483847 -0.5339416 0.4489833 -0.4610798
31557.320000 0.0938342 -0.0100229 1.3237925 0.5484016 -0.5339242 0.4489687 -0.4610940
31557.420000 0.0934097 -0.0099379 1.3238185 0.5483610 -0.5338199 0.4490573 -0.4611769
31557.520000 0.0938135 -0.0100092 1.3237933 0.5484336 -0.5338868 0.4489428 -0.4611246
31557.621000 0.0934022 -0.0099268 1.3238185 0.5483948 -0.5337852 0.4490281 -0.4612053
31557.720000 0.0933811 -0.0099180 1.3238196 0.5484093 -0.5337642 0.4490177 -0.4612223
31557.820000 0.0937981 -0.0099918 1.3237935 0.5484836 -0.5338340 0.4489001 -0.4611677
31557.920000 0.0938119 -0.0099895 1.3237924 0.5485030 -0.5338201 0.4488811 -0.4611792
31558.020000 0.0933831 -0.0099039 1.3238188 0.5484617 -0.5337150 0.4489708 -0.4612627
31558.120000 0.0937871 -0.0099751 1.3237935 0.5485343 -0.5337820 0.4488563 -0.4612103
31558.220000 0.0938007 -0.0099728 1.3237924 0.5485538 -0.5337680 0.4488372 -0.4612218
31558.320000 0.0937970 -0.0099672 1.3237924 0.5485707 -0.5337507 0.4488226 -0.4612361
31558.420000 0.0937933 -0.0099616 1.3237924 0.5485876 -0.5337333 0.4488080 -0.4612503
31558.520000 0.0933601 -0.0098753 1.3238190 0.5485458 -0.5336272 0.4488986 -0.4613346
31558.620000 0.0937728 -0.0099480 1.3237932 0.5486196 -0.5336959 0.4487820 -0.4612808
31558.720000 0.0937821 -0.0099449 1.3237924 0.5486383 -0.5336812 0.4487642 -0.4612929
31558.820000 0.0937783 -0.0099393 1.3237924 0.5486552 -0.5336638 0.4487495 -0.4613071
31558.920000 0.0937746 -0.0099338 1.3237924 0.5486720 -0.5336466 0.4487351 -0.4613212
31559.020000 0.0937709 -0.0099282 1.3237924 0.5486891 -0.5336290 0.4487203 -0.4613355
31559.120000 0.0937671 -0.0099226 1.3237924 0.5487060 -0.5336117 0.4487057 -0.4613497
31559.220000 0.0933340 -0.0098366 1.3238190 0.5486642 -0.5335055 0.4487962 -0.4614341
31559.320000 0.0937425 -0.0099084 1.3237935 0.5487373 -0.5335735 0.4486808 -0.4613808
31559.420000 0.0937560 -0.0099060 1.3237924 0.5487566 -0.5335597 0.4486619 -0.4613922
31559.520000 0.0937522 -0.0099004 1.3237924 0.5487736 -0.5335421 0.4486472 -0.4614066
31559.620000 0.0937485 -0.0098948 1.3237924 0.5487906 -0.5335247 0.4486325 -0.4614208
31559.720000 0.0937447 -0.0098893 1.3237924 0.5488075 -0.5335073 0.4486179 -0.4614350
31559.820000 0.0937410 -0.0098837 1.3237924 0.5488244 -0.5334899 0.4486033 -0.4614492
31559.920000 0.0937372 -0.0098782 1.3237924 0.5488413 -0.5334726 0.4485886 -0.4614634
31560.020000 0.0937335 -0.0098726 1.3237924 0.5488582 -0.5334552 0.4485740 -0.4614777
31560.120000 0.0937298 -0.0098670 1.3237924 0.5488751 -0.5334378 0.4485593 -0.4614919
31560.220000 0.0937260 -0.0098615 1.3237924 0.5488921 -0.5334204 0.4485447 -0.4615061
31560.320000 0.0937223 -0.0098559 1.3237924 0.5489090 -0.5334030 0.4485301 -0.4615203
31560.420000 0.0937185 -0.0098504 1.3237924 0.5489259 -0.5333856 0.4485154 -0.4615345
31560.520000 0.0937148 -0.0098448 1.3237924 0.5489428 -0.5333682 0.4485008 -0.4615487
31560.620000 0.0937110 -0.0098392 1.3237924 0.5489597 -0.5333507 0.4484861 -0.4615630
31560.720000 0.0937073 -0.0098337 1.3237924 0.5489767 -0.5333333 0.4484715 -0.4615772
31560.820000 0.0937036 -0.0098281 1.3237924 0.5489936 -0.5333159 0.4484568 -0.4615914
31560.920000 0.0932788 -0.0097441 1.3238185 0.5489529 -0.5332116 0.4485453 -0.4616744
31561.020000 0.0936828 -0.0098146 1.3237932 0.5490256 -0.5332784 0.4484308 -0.4616220
31561.120000 0.0936923 -0.0098115 1.3237924 0.5490444 -0.5332637 0.4484129 -0.4616341
31561.220000 0.0936886 -0.0098059 1.3237924 0.5490613 -0.5332463 0.4483983 -0.4616483
31561.320000 0.0936849 -0.0098004 1.3237924 0.5490780 -0.5332290 0.4483837 -0.4616624
31561.420000 0.0936811 -0.0097948 1.3237924 0.5490951 -0.5332114 0.4483689 -0.4616767
31561.520000 0.0932563 -0.0097110 1.3238184 0.5490544 -0.5331071 0.4484574 -0.4617597
31561.620000 0.0936603 -0.0097813 1.3237932 0.5491272 -0.5331738 0.4483429 -0.4617073
31561.721000 0.0936698 -0.0097782 1.3237924 0.5491459 -0.5331592 0.4483250 -0.4617194
31561.820000 0.0932411 -0.0096937 1.3238187 0.5491045 -0.5330542 0.4484145 -0.4618029
31561.920000 0.0932239 -0.0096857 1.3238195 0.5491197 -0.5330338 0.4484030 -0.4618195
31562.020000 0.0936453 -0.0097591 1.3237932 0.5491949 -0.5331041 0.4482842 -0.4617642
31562.120000 0.0932337 -0.0096778 1.3238184 0.5491560 -0.5330025 0.4483694 -0.4618451
31562.220000 0.0936378 -0.0097480 1.3237932 0.5492287 -0.5330693 0.4482549 -0.4617927
31562.320000 0.0936473 -0.0097449 1.3237924 0.5492475 -0.5330546 0.4482370 -0.4618048
31562.420000 0.0936435 -0.0097393 1.3237924 0.5492644 -0.5330371 0.4482223 -0.4618190
31562.520000 0.0932187 -0.0096558 1.3238184 0.5492237 -0.5329328 0.4483107 -0.4619020
31562.620000 0.0936227 -0.0097258 1.3237932 0.5492964 -0.5329995 0.4481962 -0.4618496
31562.720000 0.0932111 -0.0096447 1.3238184 0.5492575 -0.5328979 0.4482814 -0.4619305
31562.820000 0.0936068 -0.0097131 1.3237937 0.5493291 -0.5329629 0.4481690 -0.4618795
31562.920000 0.0936247 -0.0097116 1.3237924 0.5493490 -0.5329499 0.4481490 -0.4618901
31563.020000 0.0936210 -0.0097061 1.3237924 0.5493658 -0.5329327 0.4481344 -0.4619042
31563.120000 0.0932005 -0.0096235 1.3238182 0.5493257 -0.5328292 0.4482217 -0.4619866
31563.220000 0.0936000 -0.0096925 1.3237932 0.5493980 -0.5328948 0.4481082 -0.4619350
31563.320000 0.0936097 -0.0096895 1.3237924 0.5494168 -0.5328801 0.4480903 -0.4619471
31563.420000 0.0931848 -0.0096061 1.3238184 0.5493760 -0.5327758 0.4481786 -0.4620302
31563.520000 0.0935805 -0.0096744 1.3237937 0.5494477 -0.5328408 0.4480662 -0.4619791
31563.620000 0.0935984 -0.0096728 1.3237924 0.5494676 -0.5328278 0.4480462 -0.4619898
31563.720000 0.0935946 -0.0096673 1.3237924 0.5494845 -0.5328103 0.4480315 -0.4620040
31563.820000 0.0935909 -0.0096618 1.3237924 0.5495014 -0.5327929 0.4480169 -0.4620182
31563.920000 0.0935871 -0.0096562 1.3237924 0.5495184 -0.5327754 0.4480022 -0.4620325
31564.020000 0.0935834 -0.0096507 1.3237924 0.5495351 -0.5327581 0.4479876 -0.4620466
31564.121000 0.0935796 -0.0096452 1.3237924 0.5495522 -0.5327405 0.4479728 -0.4620609
31564.220000 0.0935758 -0.0096396 1.3237924 0.5495692 -0.5327230 0.4479581 -0.4620752
31564.320000 0.0935720 -0.0096341 1.3237924 0.5495861 -0.5327055 0.4479434 -0.4620894
31564.420000 0.0931385 -0.0095495 1.3238189 0.5495442 -0.5325994 0.4480338 -0.4621739
31564.520000 0.0935515 -0.0096206 1.3237932 0.5496182 -0.5326679 0.4479172 -0.4621200
31564.620000 0.0931353 -0.0095393 1.3238187 0.5495785 -0.5325655 0.4480035 -0.4622016
31564.720000 0.0935438 -0.0096095 1.3237932 0.5496521 -0.5326329 0.4478878 -0.4621485
31564.820000 0.0935532 -0.0096064 1.3237923 0.5496708 -0.5326181 0.4478699 -0.4621606
31564.920000 0.0935494 -0.0096009 1.3237923 0.5496878 -0.5326007 0.4478552 -0.4621749
31565.020000 0.0935456 -0.0095954 1.3237923 0.5497047 -0.5325832 0.4478405 -0.4621891
31565.120000 0.0931206 -0.0095125 1.3238184 0.5496639 -0.5324788 0.4479288 -0.4622723
31565.220000 0.0935164 -0.0095803 1.3237937 0.5497356 -0.5325437 0.4478164 -0.4622211
31565.320000 0.0935343 -0.0095788 1.3237923 0.5497555 -0.5325307 0.4477964 -0.4622318
31565.420000 0.0935305 -0.0095732 1.3237923 0.5497725 -0.5325132 0.4477817 -0.4622461
31565.521000 0.0935267 -0.0095677 1.3237923 0.5497894 -0.5324958 0.4477670 -0.4622603
31565.620000 0.0931099 -0.0094865 1.3238179 0.5497497 -0.5323931 0.4478533 -0.4623422
31565.720000 0.0930805 -0.0094763 1.3238195 0.5497632 -0.5323703 0.4478448 -0.4623606
31565.820000 0.0934979 -0.0095480 1.3237934 0.5498377 -0.5324398 0.4477273 -0.4623058
31565.920000 0.0935116 -0.0095456 1.3237923 0.5498572 -0.5324258 0.4477081 -0.4623173
31566.020000 0.0930869 -0.0094631 1.3238184 0.5498164 -0.5323215 0.4477963 -0.4624004
31566.120000 0.0934908 -0.0095321 1.3237932 0.5498893 -0.5323880 0.4476819 -0.4623480
31566.220000 0.0935003 -0.0095290 1.3237923 0.5499080 -0.5323733 0.4476640 -0.4623600
31566.320000 0.0934965 -0.0095235 1.3237923 0.5499250 -0.5323558 0.4476493 -0.4623743
31566.420000 0.0930714 -0.0094410 1.3238184 0.5498842 -0.5322514 0.4477375 -0.4624575
31566.520000 0.0934756 -0.0095101 1.3237932 0.5499571 -0.5323180 0.4476231 -0.4624050
31566.620000 0.0934851 -0.0095070 1.3237923 0.5499758 -0.5323032 0.4476051 -0.4624170
31566.720000 0.0930515 -0.0094230 1.3238189 0.5499339 -0.5321971 0.4476954 -0.4625017
31566.820000 0.0930389 -0.0094159 1.3238195 0.5499496 -0.5321778 0.4476828 -0.4625174
31566.920000 0.0934521 -0.0094864 1.3237937 0.5500237 -0.5322462 0.4475662 -0.4624634
31567.020000 0.0930403 -0.0094065 1.3238189 0.5499847 -0.5321446 0.4476512 -0.4625444
31567.120000 0.0930275 -0.0093994 1.3238195 0.5500004 -0.5321253 0.4476386 -0.4625601
31567.220000 0.0934491 -0.0094714 1.3237932 0.5500757 -0.5321954 0.4475200 -0.4625047
31567.320000 0.0930373 -0.0093916 1.3238184 0.5500367 -0.5320938 0.4476049 -0.4625858
31567.420000 0.0934415 -0.0094604 1.3237932 0.5501096 -0.5321604 0.4474905 -0.4625332
31567.520000 0.0930255 -0.0093799 1.3238187 0.5500699 -0.5320581 0.4475766 -0.4626149
31567.620000 0.0934341 -0.0094494 1.3237931 0.5501436 -0.5321253 0.4474610 -0.4625617
31567.720000 0.0934435 -0.0094463 1.3237923 0.5501623 -0.5321105 0.4474430 -0.4625738
31567.820000 0.0934397 -0.0094408 1.3237923 0.5501793 -0.5320930 0.4474283 -0.4625881
31567.921000 0.0934359 -0.0094352 1.3237923 0.5501962 -0.5320755 0.4474135 -0.4626023
31568.020000 0.0934321 -0.0094297 1.3237923 0.5502132 -0.5320579 0.4473988 -0.4626166
31568.120000 0.0934283 -0.0094242 1.3237923 0.5502302 -0.5320404 0.4473840 -0.4626309
31568.220000 0.0934245 -0.0094187 1.3237923 0.5502471 -0.5320229 0.4473693 -0.4626451
31568.320000 0.0929993 -0.0093367 1.3238184 0.5502063 -0.5319185 0.4474575 -0.4627284
31568.420000 0.0929781 -0.0093281 1.3238195 0.5502208 -0.5318974 0.4474470 -0.4627455
31568.520000 0.0933956 -0.0093990 1.3237934 0.5502954 -0.5319668 0.4473295 -0.4626906
31568.620000 0.0934093 -0.0093967 1.3237923 0.5503150 -0.5319527 0.4473103 -0.4627022
31568.720000 0.0934055 -0.0093912 1.3237923 0.5503319 -0.5319351 0.4472955 -0.4627164
31568.820000 0.0934017 -0.0093856 1.3237923 0.5503489 -0.5319176 0.4472808 -0.4627307
31568.920000 0.0933979 -0.0093801 1.3237923 0.5503658 -0.5319000 0.4472660 -0.4627450
31569.021000 0.0929730 -0.0092984 1.3238184 0.5503250 -0.5317958 0.4473541 -0.4628282
31569.120000 0.0933686 -0.0093652 1.3237937 0.5503968 -0.5318605 0.4472418 -0.4627770
31569.221000 0.0929654 -0.0092875 1.3238184 0.5503590 -0.5317607 0.4473246 -0.4628567
31569.321000 0.0929439 -0.0092788 1.3238195 0.5503735 -0.5317395 0.4473141 -0.4628739
31569.420000 0.0933656 -0.0093502 1.3237932 0.5504489 -0.5318095 0.4471955 -0.4628185
31569.520000 0.0933751 -0.0093471 1.3237923 0.5504676 -0.5317947 0.4471774 -0.4628305
31569.620000 0.0933713 -0.0093416 1.3237923 0.5504846 -0.5317771 0.4471627 -0.4628448
31569.720000 0.0929418 -0.0092593 1.3238187 0.5504430 -0.5316721 0.4472520 -0.4629287
31569.820000 0.0929248 -0.0092514 1.3238195 0.5504583 -0.5316517 0.4472403 -0.4629453
31569.920000 0.0933466 -0.0093227 1.3237932 0.5505337 -0.5317217 0.4471216 -0.4628898
31570.021000 0.0933561 -0.0093196 1.3237923 0.5505525 -0.5317069 0.4471036 -0.4629019
31570.120000 0.0929311 -0.0092382 1.3238184 0.5505117 -0.5316026 0.4471916 -0.4629852
31570.221000 0.0933351 -0.0093062 1.3237931 0.5505846 -0.5316690 0.4470773 -0.4629326
31570.320000 0.0933446 -0.0093031 1.3237923 0.5506034 -0.5316541 0.4470593 -0.4629447
31570.421000 0.0933408 -0.0092976 1.3237923 0.5506204 -0.5316366 0.4470445 -0.4629590
31570.520000 0.0929159 -0.0092163 1.3238184 0.5505795 -0.5315323 0.4471325 -0.4630423
31570.620000 0.0933115 -0.0092827 1.3237937 0.5506513 -0.5315969 0.4470202 -0.4629911
31570.720000 0.0933294 -0.0092811 1.3237923 0.5506711 -0.5315840 0.4470003 -0.4630016
31570.821000 0.0929042 -0.0091998 1.3238184 0.5506304 -0.5314795 0.4470882 -0.4630851
31570.920000 0.0933084 -0.0092677 1.3237931 0.5507034 -0.5315459 0.4469738 -0.4630325
31571.020000 0.0933179 -0.0092646 1.3237923 0.5507222 -0.5315311 0.4469558 -0.4630446
31571.120000 0.0928926 -0.0091834 1.3238184 0.5506813 -0.5314267 0.4470438 -0.4631280
31571.220000 0.0928714 -0.0091748 1.3238195 0.5506959 -0.5314056 0.4470333 -0.4631451
31571.320000 0.0932932 -0.0092457 1.3237931 0.5507713 -0.5314756 0.4469146 -0.4630896
31571.420000 0.0933027 -0.0092426 1.3237923 0.5507901 -0.5314607 0.4468966 -0.4631017
31571.520000 0.0928773 -0.0091615 1.3238184 0.5507492 -0.5313563 0.4469846 -0.4631851
31571.620000 0.0932775 -0.0092286 1.3237934 0.5508215 -0.5314221 0.4468714 -0.4631330
31571.721000 0.0932912 -0.0092262 1.3237923 0.5508411 -0.5314079 0.4468522 -0.4631445
31571.820000 0.0932874 -0.0092207 1.3237923 0.5508581 -0.5313903 0.4468374 -0.4631588
31571.920000 0.0932836 -0.0092152 1.3237923 0.5508751 -0.5313727 0.4468226 -0.4631731
31572.020000 0.0932797 -0.0092096 1.3237923 0.5508922 -0.5313549 0.4468076 -0.4631875
31572.120000 0.0932759 -0.0092042 1.3237923 0.5509090 -0.5313375 0.4467930 -0.4632017
31572.220000 0.0932721 -0.0091987 1.3237923 0.5509260 -0.5313199 0.4467782 -0.4632159
31572.320000 0.0932683 -0.0091932 1.3237923 0.5509430 -0.5313022 0.4467634 -0.4632302
31572.420000 0.0928429 -0.0091124 1.3238184 0.5509021 -0.5311979 0.4468514 -0.4633137
31572.520000 0.0932473 -0.0091799 1.3237931 0.5509751 -0.5312643 0.4467370 -0.4632610
31572.620000 0.0932568 -0.0091768 1.3237923 0.5509939 -0.5312494 0.4467189 -0.4632731
31572.720000 0.0932530 -0.0091713 1.3237923 0.5510108 -0.5312320 0.4467043 -0.4632872
31572.820000 0.0928277 -0.0090906 1.3238184 0.5509700 -0.5311275 0.4467921 -0.4633708
31572.920000 0.0932320 -0.0091579 1.3237931 0.5510431 -0.5311938 0.4466777 -0.4633181
31573.020000 0.0932415 -0.0091548 1.3237923 0.5510619 -0.5311789 0.4466597 -0.4633302
31573.120000 0.0932376 -0.0091493 1.3237923 0.5510789 -0.5311613 0.4466448 -0.4633445
31573.220000 0.0932338 -0.0091439 1.3237923 0.5510959 -0.5311437 0.4466300 -0.4633588
31573.320000 0.0928125 -0.0090640 1.3238181 0.5510553 -0.5310403 0.4467171 -0.4634414
31573.420000 0.0932042 -0.0091290 1.3237937 0.5511268 -0.5311039 0.4466057 -0.4633910
31573.520000 0.0932223 -0.0091274 1.3237923 0.5511469 -0.5310908 0.4465855 -0.4634017
31573.620000 0.0932185 -0.0091219 1.3237923 0.5511639 -0.5310731 0.4465707 -0.4634159
31573.720000 0.0927972 -0.0090422 1.3238181 0.5511233 -0.5309698 0.4466578 -0.4634986
31573.820000 0.0931888 -0.0091071 1.3237937 0.5511948 -0.5310333 0.4465464 -0.4634481
31573.920000 0.0927856 -0.0090306 1.3238184 0.5511569 -0.5309336 0.4466289 -0.4635280
31574.020000 0.0931814 -0.0090962 1.3237937 0.5512289 -0.5309981 0.4465167 -0.4634767
31574.120000 0.0931993 -0.0090945 1.3237923 0.5512488 -0.5309849 0.4464965 -0.4634874
31574.220000 0.0927738 -0.0090142 1.3238184 0.5512079 -0.5308806 0.4465845 -0.4635709
31574.320000 0.0927526 -0.0090057 1.3238195 0.5512223 -0.5308595 0.4465740 -0.4635879
31574.421000 0.0927487 -0.0090002 1.3238195 0.5512395 -0.5308417 0.4465591 -0.4636023
31574.520000 0.0931622 -0.0090688 1.3237937 0.5513138 -0.5309098 0.4464425 -0.4635481
31574.620000 0.0931801 -0.0090672 1.3237923 0.5513338 -0.5308967 0.4464223 -0.4635589
31574.720000 0.0931762 -0.0090617 1.3237923 0.5513508 -0.5308790 0.4464075 -0.4635732
31574.820000 0.0927507 -0.0089815 1.3238184 0.5513099 -0.5307747 0.4464954 -0.4636567
31574.920000 0.0931468 -0.0090469 1.3237937 0.5513819 -0.5308392 0.4463831 -0.4636053
31575.020000 0.0927433 -0.0089707 1.3238184 0.5513439 -0.5307394 0.4464656 -0.4636852
31575.121000 0.0931391 -0.0090359 1.3237937 0.5514159 -0.5308039 0.4463534 -0.4636339
31575.220000 0.0927356 -0.0089598 1.3238184 0.5513779 -0.5307041 0.4464359 -0.4637138
31575.320000 0.0927140 -0.0089512 1.3238195 0.5513925 -0.5306828 0.4464254 -0.4637311
31575.420000 0.0931360 -0.0090210 1.3237931 0.5514680 -0.5307526 0.4463068 -0.4636754
31575.520000 0.0927237 -0.0089434 1.3238184 0.5514289 -0.5306510 0.4463914 -0.4637568
31575.620000 0.0931198 -0.0090086 1.3237937 0.5515009 -0.5307155 0.4462791 -0.4637054
31575.720000 0.0927163 -0.0089326 1.3238184 0.5514629 -0.5306157 0.4463616 -0.4637854
31575.820000 0.0926947 -0.0089240 1.3238195 0.5514775 -0.5305944 0.4463511 -0.4638026
31575.920000 0.0931167 -0.0089937 1.3237931 0.5515531 -0.5306642 0.4462325 -0.4637470
31576.020000 0.0931262 -0.0089906 1.3237923 0.5515719 -0.5306493 0.4462144 -0.4637591
31576.120000 0.0931223 -0.0089851 1.3237923 0.5515889 -0.5306316 0.4461995 -0.4637734
31576.220000 0.0931184 -0.0089796 1.3237923 0.5516060 -0.5306139 0.4461846 -0.4637877
31576.320000 0.0931146 -0.0089742 1.3237923 0.5516230 -0.5305962 0.4461697 -0.4638020
31576.420000 0.0926848 -0.0088938 1.3238186 0.5515812 -0.5304912 0.4462588 -0.4638861
31576.520000 0.0930937 -0.0089609 1.3237931 0.5516552 -0.5305582 0.4461432 -0.4638328
31576.620000 0.0926812 -0.0088836 1.3238184 0.5516160 -0.5304565 0.4462279 -0.4639142
31576.720000 0.0926600 -0.0088751 1.3238195 0.5516306 -0.5304353 0.4462172 -0.4639314
31576.820000 0.0926561 -0.0088696 1.3238195 0.5516476 -0.5304176 0.4462023 -0.4639457
31576.920000 0.0930781 -0.0089391 1.3237931 0.5517232 -0.5304873 0.4460837 -0.4638900
31577.020000 0.0930876 -0.0089360 1.3237923 0.5517419 -0.5304725 0.4460657 -0.4639020
31577.120000 0.0926621 -0.0088564 1.3238184 0.5517011 -0.5303681 0.4461534 -0.4639857
31577.220000 0.0930623 -0.0089220 1.3237934 0.5517735 -0.5304335 0.4460403 -0.4639335
31577.320000 0.0930760 -0.0089196 1.3237923 0.5517931 -0.5304193 0.4460210 -0.4639451
31577.421000 0.0930721 -0.0089141 1.3237923 0.5518102 -0.5304016 0.4460061 -0.4639594
31577.520000 0.0926464 -0.0088347 1.3238184 0.5517691 -0.5302972 0.4460939 -0.4640430
31577.621000 0.0930511 -0.0089009 1.3237931 0.5518424 -0.5303634 0.4459795 -0.4639902
31577.720000 0.0930605 -0.0088977 1.3237923 0.5518612 -0.5303484 0.4459614 -0.4640024
31577.820000 0.0930567 -0.0088923 1.3237923 0.5518781 -0.5303309 0.4459466 -0.4640165
31577.920000 0.0930528 -0.0088868 1.3237923 0.5518953 -0.5303130 0.4459316 -0.4640310
31578.020000 0.0930489 -0.0088814 1.3237923 0.5519123 -0.5302953 0.4459167 -0.4640453
31578.120000 0.0930450 -0.0088759 1.3237923 0.5519293 -0.5302775 0.4459018 -0.4640596
31578.220000 0.0926193 -0.0087967 1.3238184 0.5518883 -0.5301732 0.4459896 -0.4641433
31578.320000 0.0930155 -0.0088612 1.3237937 0.5519604 -0.5302376 0.4458773 -0.4640918
31578.420000 0.0930334 -0.0088596 1.3237923 0.5519804 -0.5302244 0.4458571 -0.4641026
31578.520000 0.0930295 -0.0088541 1.3237923 0.5519974 -0.5302066 0.4458422 -0.4641169
31578.620000 0.0930256 -0.0088487 1.3237923 0.5520145 -0.5301889 0.4458273 -0.4641312
31578.720000 0.0930218 -0.0088433 1.3237923 0.5520313 -0.5301713 0.4458125 -0.4641454
31578.820000 0.0930179 -0.0088378 1.3237923 0.5520485 -0.5301534 0.4457974 -0.4641599
31578.920000 0.0930140 -0.0088323 1.3237923 0.5520656 -0.5301357 0.4457825 -0.4641742
31579.020000 0.0930101 -0.0088269 1.3237923 0.5520826 -0.5301180 0.4457676 -0.4641885
31579.120000 0.0930062 -0.0088214 1.3237923 0.5520996 -0.5301002 0.4457527 -0.4642028
31579.220000 0.0925846 -0.0087432 1.3238181 0.5520590 -0.5299969 0.4458396 -0.4642857
31579.320000 0.0925592 -0.0087340 1.3238195 0.5520732 -0.5299746 0.4458298 -0.4643037
31579.420000 0.0929813 -0.0088028 1.3237931 0.5521489 -0.5300443 0.4457112 -0.4642480
31579.520000 0.0925730 -0.0087270 1.3238181 0.5521101 -0.5299437 0.4457948 -0.4643287
31579.620000 0.0929734 -0.0087918 1.3237932 0.5521830 -0.5300087 0.4456814 -0.4642767
31579.720000 0.0929829 -0.0087887 1.3237923 0.5522019 -0.5299937 0.4456632 -0.4642888
31579.820000 0.0929790 -0.0087833 1.3237923 0.5522189 -0.5299760 0.4456482 -0.4643031
31579.920000 0.0925532 -0.0087045 1.3238184 0.5521778 -0.5298716 0.4457360 -0.4643868
31580.020000 0.0929495 -0.0087686 1.3237937 0.5522500 -0.5299360 0.4456237 -0.4643354
31580.120000 0.0929674 -0.0087670 1.3237923 0.5522700 -0.5299227 0.4456034 -0.4643461
31580.220000 0.0929635 -0.0087615 1.3237923 0.5522871 -0.5299049 0.4455885 -0.4643604
31580.320000 0.0929596 -0.0087561 1.3237923 0.5523041 -0.5298872 0.4455736 -0.4643748
31580.420000 0.0929557 -0.0087506 1.3237923 0.5523212 -0.5298694 0.4455586 -0.4643891
31580.520000 0.0925213 -0.0086706 1.3238189 0.5522789 -0.5297633 0.4456484 -0.4644743
31580.620000 0.0929348 -0.0087375 1.3237931 0.5523535 -0.5298312 0.4455319 -0.4644199
31580.720000 0.0929440 -0.0087343 1.3237923 0.5523723 -0.5298161 0.4455138 -0.4644321
31580.820000 0.0925181 -0.0086558 1.3238184 0.5523312 -0.5297118 0.4456015 -0.4645159
31580.920000 0.0929229 -0.0087211 1.3237931 0.5524046 -0.5297778 0.4454872 -0.4644630
31581.020000 0.0929323 -0.0087180 1.3237923 0.5524234 -0.5297628 0.4454690 -0.4644751
31581.120000 0.0925106 -0.0086403 1.3238181 0.5523827 -0.5296594 0.4455558 -0.4645581
31581.220000 0.0929110 -0.0087048 1.3237932 0.5524557 -0.5297244 0.4454424 -0.4645060
31581.321000 0.0924986 -0.0086288 1.3238184 0.5524164 -0.5296229 0.4455268 -0.4645876
31581.420000 0.0929034 -0.0086940 1.3237932 0.5524898 -0.5296889 0.4454124 -0.4645347
31581.520000 0.0924866 -0.0086173 1.3238187 0.5524498 -0.5295866 0.4454980 -0.4646168
31581.620000 0.0924695 -0.0086095 1.3238195 0.5524652 -0.5295659 0.4454861 -0.4646335
31581.720000 0.0928919 -0.0086777 1.3237931 0.5525410 -0.5296356 0.4453675 -0.4645776
31581.820000 0.0929011 -0.0086745 1.3237923 0.5525599 -0.5296205 0.4453493 -0.4645898
31581.920000 0.0924710 -0.0085957 1.3238187 0.5525180 -0.5295154 0.4454382 -0.4646742
31582.020000 0.0928801 -0.0086614 1.3237931 0.5525922 -0.5295822 0.4453226 -0.4646207
31582.120000 0.0924673 -0.0085855 1.3238184 0.5525529 -0.5294805 0.4454071 -0.4647023
31582.220000 0.0928721 -0.0086505 1.3237932 0.5526263 -0.5295465 0.4452927 -0.4646494
31582.320000 0.0928815 -0.0086474 1.3237923 0.5526452 -0.5295315 0.4452745 -0.4646616
31582.420000 0.0928776 -0.0086420 1.3237923 0.5526622 -0.5295137 0.4452595 -0.4646759
31582.521000 0.0924516 -0.0085639 1.3238184 0.5526211 -0.5294093 0.4453472 -0.4647597
31582.620000 0.0924303 -0.0085555 1.3238195 0.5526358 -0.5293879 0.4453364 -0.4647770
31582.720000 0.0928528 -0.0086234 1.3237931 0.5527116 -0.5294575 0.4452178 -0.4647211
31582.820000 0.0924440 -0.0085485 1.3238181 0.5526727 -0.5293569 0.4453014 -0.4648020
31582.920000 0.0928446 -0.0086125 1.3237932 0.5527457 -0.5294218 0.4451879 -0.4647499
31583.020000 0.0928541 -0.0086094 1.3237923 0.5527646 -0.5294068 0.4451697 -0.4647620
31583.120000 0.0924239 -0.0085309 1.3238187 0.5527227 -0.5293017 0.4452584 -0.4648464
31583.220000 0.0928331 -0.0085963 1.3237931 0.5527969 -0.5293684 0.4451429 -0.4647929
31583.320000 0.0928423 -0.0085931 1.3237923 0.5528158 -0.5293533 0.4451247 -0.4648051
31583.420000 0.0924163 -0.0085153 1.3238184 0.5527747 -0.5292490 0.4452123 -0.4648889
31583.520000 0.0928212 -0.0085800 1.3237932 0.5528481 -0.5293149 0.4450980 -0.4648360
31583.621000 0.0924126 -0.0085053 1.3238181 0.5528092 -0.5292143 0.4451815 -0.4649168
31583.720000 0.0923872 -0.0084962 1.3238195 0.5528233 -0.5291921 0.4451717 -0.4649347
31583.820000 0.0928092 -0.0085637 1.3237932 0.5528993 -0.5292614 0.4450530 -0.4648791
31583.920000 0.0923967 -0.0084884 1.3238184 0.5528600 -0.5291598 0.4451373 -0.4649607
31584.021000 0.0923754 -0.0084801 1.3238195 0.5528745 -0.5291386 0.4451267 -0.4649778
31584.120000 0.0927975 -0.0085475 1.3237932 0.5529505 -0.5292079 0.4450080 -0.4649221
31584.220000 0.0923849 -0.0084722 1.3238184 0.5529112 -0.5291063 0.4450923 -0.4650038
31584.320000 0.0927813 -0.0085352 1.3237937 0.5529835 -0.5291705 0.4449800 -0.4649522
31584.420000 0.0927991 -0.0085335 1.3237923 0.5530036 -0.5291571 0.4449598 -0.4649630
31584.520000 0.0923689 -0.0084554 1.3238187 0.5529617 -0.5290521 0.4450485 -0.4650475
31584.620000 0.0923517 -0.0084477 1.3238195 0.5529771 -0.5290313 0.4450365 -0.4650641
31584.720000 0.0927740 -0.0085150 1.3237932 0.5530530 -0.5291008 0.4449180 -0.4650083
31584.820000 0.0927834 -0.0085119 1.3237923 0.5530719 -0.5290857 0.4448997 -0.4650204
31584.920000 0.0923488 -0.0084330 1.3238189 0.5530296 -0.5289796 0.4449893 -0.4651058
31585.021000 0.0927624 -0.0084988 1.3237931 0.5531043 -0.5290473 0.4448729 -0.4650513
31585.120000 0.0927716 -0.0084956 1.3237923 0.5531232 -0.5290321 0.4448547 -0.4650635
31585.220000 0.0923454 -0.0084183 1.3238184 0.5530820 -0.5289278 0.4449422 -0.4651475
31585.320000 0.0927503 -0.0084825 1.3237932 0.5531555 -0.5289936 0.4448279 -0.4650945
31585.420000 0.0927597 -0.0084794 1.3237923 0.5531744 -0.5289785 0.4448096 -0.4651066
31585.520000 0.0927558 -0.0084740 1.3237923 0.5531915 -0.5289606 0.4447946 -0.4651210
31585.620000 0.0927518 -0.0084686 1.3237923 0.5532086 -0.5289428 0.4447796 -0.4651354
31585.720000 0.0927479 -0.0084632 1.3237923 0.5532257 -0.5289249 0.4447645 -0.4651498
31585.820000 0.0927440 -0.0084578 1.3237923 0.5532426 -0.5289072 0.4447496 -0.4651640
31585.921000 0.0927400 -0.0084523 1.3237923 0.5532599 -0.5288891 0.4447345 -0.4651785
31586.020000 0.0927360 -0.0084469 1.3237923 0.5532770 -0.5288713 0.4447194 -0.4651929
31586.121000 0.0923099 -0.0083699 1.3238184 0.5532358 -0.5287669 0.4448069 -0.4652768
31586.220000 0.0927148 -0.0084339 1.3237932 0.5533093 -0.5288328 0.4446926 -0.4652238
31586.320000 0.0927242 -0.0084307 1.3237923 0.5533283 -0.5288176 0.4446743 -0.4652360
31586.420000 0.0922980 -0.0083538 1.3238184 0.5532870 -0.5287133 0.4447618 -0.4653200
31586.521000 0.0927029 -0.0084177 1.3237932 0.5533606 -0.5287791 0.4446475 -0.4652669
31586.620000 0.0927123 -0.0084145 1.3237923 0.5533795 -0.5287639 0.4446292 -0.4652791
31586.720000 0.0927084 -0.0084091 1.3237923 0.5533966 -0.5287460 0.4446141 -0.4652935
31586.820000 0.0922822 -0.0083323 1.3238184 0.5533554 -0.5286417 0.4447016 -0.4653775
31586.920000 0.0926829 -0.0083954 1.3237934 0.5534282 -0.5287068 0.4445885 -0.4653250
31587.020000 0.0926965 -0.0083929 1.3237923 0.5534479 -0.5286923 0.4445690 -0.4653366
31587.120000 0.0926925 -0.0083875 1.3237923 0.5534650 -0.5286744 0.4445539 -0.4653510
31587.220000 0.0922663 -0.0083108 1.3238184 0.5534238 -0.5285701 0.4446414 -0.4654350
31587.320000 0.0922449 -0.0083025 1.3238195 0.5534385 -0.5285486 0.4446306 -0.4654523
31587.420000 0.0926673 -0.0083691 1.3237932 0.5535145 -0.5286180 0.4445120 -0.4653964
31587.520000 0.0926767 -0.0083659 1.3237923 0.5535335 -0.5286028 0.4444937 -0.4654086
31587.620000 0.0926727 -0.0083605 1.3237923 0.5535506 -0.5285849 0.4444787 -0.4654229
31587.720000 0.0926687 -0.0083551 1.3237923 0.5535677 -0.5285670 0.4444636 -0.4654373
31587.820000 0.0922425 -0.0082785 1.3238184 0.5535264 -0.5284626 0.4445510 -0.4655214
31587.920000 0.0926475 -0.0083421 1.3237932 0.5536000 -0.5285284 0.4444367 -0.4654683
31588.020000 0.0926568 -0.0083389 1.3237923 0.5536190 -0.5285132 0.4444184 -0.4654805
31588.120000 0.0922309 -0.0082625 1.3238184 0.5535778 -0.5284089 0.4445057 -0.4655645
31588.220000 0.0926271 -0.0083245 1.3237937 0.5536502 -0.5284729 0.4443935 -0.4655129
31588.320000 0.0926449 -0.0083227 1.3237923 0.5536703 -0.5284594 0.4443732 -0.4655237
31588.420000 0.0926409 -0.0083173 1.3237923 0.5536874 -0.5284415 0.4443581 -0.4655380
31588.520000 0.0926369 -0.0083120 1.3237923 0.5537046 -0.5284236 0.4443430 -0.4655524
31588.620000 0.0922106 -0.0082356 1.3238184 0.5536633 -0.5283192 0.4444304 -0.4656365
31588.720000 0.0926156 -0.0082989 1.3237932 0.5537369 -0.5283850 0.4443161 -0.4655834
31588.820000 0.0926250 -0.0082958 1.3237923 0.5537557 -0.5283699 0.4442979 -0.4655955
31588.921000 0.0926210 -0.0082904 1.3237923 0.5537730 -0.5283518 0.4442827 -0.4656100
31589.020000 0.0921947 -0.0082142 1.3238184 0.5537318 -0.5282475 0.4443701 -0.4656941
31589.121000 0.0925997 -0.0082774 1.3237932 0.5538054 -0.5283132 0.4442558 -0.4656410
31589.220000 0.0926091 -0.0082742 1.3237923 0.5538244 -0.5282980 0.4442374 -0.4656532
31589.320000 0.0926051 -0.0082688 1.3237923 0.5538415 -0.5282800 0.4442224 -0.4656676
31589.420000 0.0926011 -0.0082635 1.3237923 0.5538586 -0.5282621 0.4442073 -0.4656820
31589.520000 0.0925971 -0.0082581 1.3237923 0.5538757 -0.5282441 0.4441922 -0.4656964
31589.620000 0.0925931 -0.0082527 1.3237923 0.5538929 -0.5282262 0.4441771 -0.4657108
31589.720000 0.0921709 -0.0081774 1.3238181 0.5538520 -0.5281228 0.4442635 -0.4657941
31589.820000 0.0921453 -0.0081684 1.3238195 0.5538663 -0.5281003 0.4442535 -0.4658122
31589.920000 0.0925681 -0.0082343 1.3237931 0.5539424 -0.5281696 0.4441349 -0.4657562
31590.020000 0.0925771 -0.0082311 1.3237923 0.5539614 -0.5281543 0.4441167 -0.4657684
31590.120000 0.0925731 -0.0082258 1.3237923 0.5539785 -0.5281364 0.4441016 -0.4657828
31590.220000 0.0925691 -0.0082204 1.3237923 0.5539956 -0.5281184 0.4440864 -0.4657972
31590.320000 0.0925651 -0.0082150 1.3237923 0.5540128 -0.5281004 0.4440713 -0.4658116
31590.420000 0.0921302 -0.0081377 1.3238189 0.5539703 -0.5279943 0.4441607 -0.4658972
31590.520000 0.0925441 -0.0082021 1.3237931 0.5540452 -0.5280618 0.4440443 -0.4658426
31590.620000 0.0925531 -0.0081989 1.3237923 0.5540642 -0.5280465 0.4440260 -0.4658548
31590.720000 0.0925491 -0.0081935 1.3237923 0.5540813 -0.5280285 0.4440109 -0.4658692
31590.820000 0.0925451 -0.0081881 1.3237923 0.5540984 -0.5280105 0.4439958 -0.4658837
31590.921000 0.0925411 -0.0081827 1.3237923 0.5541156 -0.5279925 0.4439806 -0.4658981
31591.020000 0.0921105 -0.0081064 1.3238187 0.5540735 -0.5278875 0.4440691 -0.4659828
31591.120000 0.0920933 -0.0080988 1.3238195 0.5540890 -0.5278666 0.4440570 -0.4659995
31591.220000 0.0925158 -0.0081644 1.3237932 0.5541651 -0.5279359 0.4439385 -0.4659435
31591.321000 0.0921026 -0.0080910 1.3238184 0.5541257 -0.5278342 0.4440225 -0.4660255
31591.420000 0.0925077 -0.0081536 1.3237932 0.5541994 -0.5278999 0.4439082 -0.4659723
31591.520000 0.0925171 -0.0081505 1.3237923 0.5542184 -0.5278846 0.4438899 -0.4659845
31591.620000 0.0920906 -0.0080750 1.3238184 0.5541771 -0.5277802 0.4439771 -0.4660687
31591.721000 0.0924957 -0.0081375 1.3237932 0.5542508 -0.5278459 0.4438628 -0.4660156
31591.820000 0.0925050 -0.0081344 1.3237923 0.5542698 -0.5278306 0.4438445 -0.4660278
31591.920000 0.0925010 -0.0081290 1.3237923 0.5542870 -0.5278126 0.4438293 -0.4660422
31592.020000 0.0924970 -0.0081237 1.3237923 0.5543040 -0.5277947 0.4438143 -0.4660565
31592.120000 0.0924930 -0.0081183 1.3237923 0.5543213 -0.5277766 0.4437991 -0.4660710
31592.220000 0.0924889 -0.0081129 1.3237923 0.5543384 -0.5277586 0.4437839 -0.4660855
31592.320000 0.0920624 -0.0080376 1.3238184 0.5542971 -0.5276542 0.4438711 -0.4661697
31592.420000 0.0920410 -0.0080294 1.3238195 0.5543118 -0.5276326 0.4438602 -0.4661870
31592.520000 0.0920370 -0.0080241 1.3238195 0.5543288 -0.5276148 0.4438452 -0.4662013
31592.620000 0.0924594 -0.0080892 1.3237932 0.5544052 -0.5276837 0.4437266 -0.4661454
31592.720000 0.0920463 -0.0080162 1.3238184 0.5543657 -0.5275821 0.4438105 -0.4662274
31592.821000 0.0920249 -0.0080081 1.3238195 0.5543803 -0.5275607 0.4437997 -0.4662446
31592.920000 0.0924476 -0.0080731 1.3237932 0.5544566 -0.5276297 0.4436811 -0.4661886
31593.021000 0.0924567 -0.0080699 1.3237923 0.5544756 -0.5276144 0.4436627 -0.4662009
31593.120000 0.0920305 -0.0079949 1.3238184 0.5544344 -0.5275101 0.4437498 -0.4662851
31593.220000 0.0920087 -0.0079867 1.3238195 0.5544490 -0.5274884 0.4437390 -0.4663024
31593.320000 0.0924228 -0.0080503 1.3237937 0.5545241 -0.5275558 0.4436225 -0.4662477
31593.420000 0.0920184 -0.0079789 1.3238184 0.5544858 -0.5274560 0.4437043 -0.4663284
31593.520000 0.0924148 -0.0080395 1.3237937 0.5545584 -0.5275197 0.4435922 -0.4662766
31593.620000 0.0920103 -0.0079683 1.3238184 0.5545201 -0.5274199 0.4436740 -0.4663572
31593.720000 0.0924151 -0.0080302 1.3237932 0.5545939 -0.5274854 0.4435598 -0.4663041
31593.820000 0.0924244 -0.0080271 1.3237923 0.5546129 -0.5274701 0.4435414 -0.4663163
31593.920000 0.0924204 -0.0080217 1.3237923 0.5546301 -0.5274520 0.4435262 -0.4663307
31594.020000 0.0919938 -0.0079469 1.3238184 0.5545887 -0.5273476 0.4436134 -0.4664150
31594.120000 0.0923905 -0.0080074 1.3237937 0.5546614 -0.5274115 0.4435011 -0.4663632
31594.220000 0.0919902 -0.0079369 1.3238181 0.5546239 -0.5273123 0.4435817 -0.4664433
31594.320000 0.0919642 -0.0079280 1.3238195 0.5546378 -0.5272899 0.4435720 -0.4664612
31594.420000 0.0923784 -0.0079913 1.3237937 0.5547129 -0.5273573 0.4434556 -0.4664065
31594.520000 0.0923961 -0.0079896 1.3237923 0.5547331 -0.5273437 0.4434351 -0.4664174
31594.620000 0.0923921 -0.0079842 1.3237923 0.5547503 -0.5273256 0.4434199 -0.4664318
31594.720000 0.0923880 -0.0079788 1.3237923 0.5547674 -0.5273075 0.4434047 -0.4664462
31594.820000 0.0919528 -0.0079029 1.3238189 0.5547249 -0.5272014 0.4434939 -0.4665320
31594.920000 0.0923668 -0.0079660 1.3237932 0.5548000 -0.5272687 0.4433775 -0.4664773
31595.021000 0.0919532 -0.0078936 1.3238184 0.5547604 -0.5271670 0.4434615 -0.4665595
31595.120000 0.0923500 -0.0079539 1.3237937 0.5548331 -0.5272308 0.4433492 -0.4665076
31595.220000 0.0923677 -0.0079521 1.3237923 0.5548533 -0.5272172 0.4433287 -0.4665185
31595.320000 0.0919411 -0.0078776 1.3238184 0.5548119 -0.5271128 0.4434159 -0.4666028
31595.420000 0.0919196 -0.0078695 1.3238195 0.5548267 -0.5270912 0.4434049 -0.4666201
31595.520000 0.0919155 -0.0078641 1.3238195 0.5548439 -0.5270731 0.4433897 -0.4666346
31595.620000 0.0923297 -0.0079271 1.3237937 0.5549190 -0.5271404 0.4432732 -0.4665799
31595.720000 0.0923474 -0.0079253 1.3237923 0.5549392 -0.5271268 0.4432527 -0.4665907
31595.820000 0.0919207 -0.0078510 1.3238184 0.5548978 -0.5270224 0.4433398 -0.4666751
31595.920000 0.0918993 -0.0078429 1.3238195 0.5549124 -0.5270009 0.4433290 -0.4666923
31596.020000 0.0923220 -0.0079071 1.3237932 0.5549889 -0.5270698 0.4432103 -0.4666362
31596.120000 0.0923311 -0.0079040 1.3237923 0.5550080 -0.5270544 0.4431919 -0.4666485
31596.220000 0.0923271 -0.0078986 1.3237923 0.5550251 -0.5270363 0.4431767 -0.4666630
31596.320000 0.0918962 -0.0078238 1.3238187 0.5549830 -0.5269312 0.4432649 -0.4667479
31596.420000 0.0918788 -0.0078163 1.3238195 0.5549985 -0.5269102 0.4432527 -0.4667647
31596.520000 0.0918748 -0.0078110 1.3238195 0.5550157 -0.5268921 0.4432375 -0.4667791
31596.620000 0.0922974 -0.0078751 1.3237932 0.5550920 -0.5269611 0.4431190 -0.4667230
31596.720000 0.0918840 -0.0078032 1.3238184 0.5550525 -0.5268595 0.4432028 -0.4668052
31596.820000 0.0918625 -0.0077950 1.3238195 0.5550673 -0.5268378 0.4431918 -0.4668225
31596.920000 0.0918584 -0.0077897 1.3238195 0.5550845 -0.5268197 0.4431766 -0.4668370
31597.020000 0.0918543 -0.0077844 1.3238195 0.5551017 -0.5268016 0.4431613 -0.4668515
31597.120000 0.0922773 -0.0078484 1.3237932 0.5551781 -0.5268706 0.4430428 -0.4667952
31597.220000 0.0922863 -0.0078452 1.3237924 0.5551971 -0.5268551 0.4430244 -0.4668075
31597.320000 0.0922822 -0.0078399 1.3237924 0.5552143 -0.5268370 0.4430091 -0.4668220
31597.420000 0.0918554 -0.0077660 1.3238184 0.5551729 -0.5267326 0.4430962 -0.4669064
31597.520000 0.0918339 -0.0077579 1.3238195 0.5551876 -0.5267110 0.4430851 -0.4669238
31597.620000 0.0922566 -0.0078217 1.3237932 0.5552640 -0.5267799 0.4429666 -0.4668676
31597.721000 0.0922658 -0.0078185 1.3237924 0.5552831 -0.5267645 0.4429482 -0.4668799
31597.820000 0.0922617 -0.0078132 1.3237924 0.5553003 -0.5267464 0.4429329 -0.4668943
31597.920000 0.0922577 -0.0078078 1.3237924 0.5553175 -0.5267282 0.4429177 -0.4669088
31598.020000 0.0922536 -0.0078025 1.3237924 0.5553347 -0.5267101 0.4429024 -0.4669233
31598.120000 0.0922495 -0.0077972 1.3237924 0.5553519 -0.5266919 0.4428872 -0.4669377
31598.220000 0.0918226 -0.0077235 1.3238184 0.5553105 -0.5265876 0.4429742 -0.4670222
31598.320000 0.0922279 -0.0077844 1.3237932 0.5553844 -0.5266529 0.4428599 -0.4669689
31598.420000 0.0922372 -0.0077812 1.3237924 0.5554035 -0.5266375 0.4428414 -0.4669811
31598.520000 0.0918103 -0.0077076 1.3238184 0.5553621 -0.5265331 0.4429284 -0.4670656
31598.620000 0.0922156 -0.0077684 1.3237932 0.5554361 -0.5265985 0.4428141 -0.4670123
31598.720000 0.0922249 -0.0077652 1.3237924 0.5554551 -0.5265830 0.4427956 -0.4670246
31598.821000 0.0917980 -0.0076917 1.3238184 0.5554137 -0.5264787 0.4428826 -0.4671091
31598.920000 0.0922033 -0.0077524 1.3237932 0.5554877 -0.5265440 0.4427683 -0.4670557
31599.020000 0.0922125 -0.0077492 1.3237924 0.5555068 -0.5265286 0.4427498 -0.4670680
31599.120000 0.0922084 -0.0077439 1.3237924 0.5555240 -0.5265104 0.4427345 -0.4670825
31599.220000 0.0922043 -0.0077386 1.3237924 0.5555412 -0.5264922 0.4427193 -0.4670969
31599.320000 0.0922002 -0.0077332 1.3237924 0.5555584 -0.5264741 0.4427040 -0.4671114
31599.420000 0.0921961 -0.0077279 1.3237924 0.5555756 -0.5264559 0.4426887 -0.4671259
31599.520000 0.0921920 -0.0077226 1.3237924 0.5555929 -0.5264377 0.4426734 -0.4671404
31599.620000 0.0917651 -0.0076494 1.3238184 0.5555514 -0.5263333 0.4427603 -0.4672249
31599.720000 0.0917435 -0.0076413 1.3238195 0.5555662 -0.5263116 0.4427493 -0.4672423
31599.820000 0.0921663 -0.0077045 1.3237932 0.5556427 -0.5263805 0.4426308 -0.4671860
31599.920000 0.0917527 -0.0076335 1.3238184 0.5556031 -0.5262788 0.4427145 -0.4672684
31600.020000 0.0917312 -0.0076254 1.3238195 0.5556177 -0.5262572 0.4427036 -0.4672856
31600.120000 0.0917270 -0.0076201 1.3238195 0.5556351 -0.5262389 0.4426881 -0.4673002
31600.220000 0.0921413 -0.0076818 1.3237937 0.5557104 -0.5263060 0.4425717 -0.4672454
31600.320000 0.0921590 -0.0076800 1.3237924 0.5557307 -0.5262922 0.4425511 -0.4672563
31600.420000 0.0917320 -0.0076070 1.3238184 0.5556892 -0.5261879 0.4426380 -0.4673408
31600.520000 0.0917105 -0.0075989 1.3238195 0.5557040 -0.5261661 0.4426269 -0.4673582
31600.620000 0.0917063 -0.0075936 1.3238195 0.5557212 -0.5261479 0.4426116 -0.4673727
31600.720000 0.0921291 -0.0076566 1.3237932 0.5557977 -0.5262167 0.4424931 -0.4673164
31600.820000 0.0921383 -0.0076534 1.3237924 0.5558168 -0.5262013 0.4424746 -0.4673287
31600.920000 0.0921342 -0.0076481 1.3237924 0.5558341 -0.5261831 0.4424593 -0.4673432
31601.020000 0.0921301 -0.0076428 1.3237924 0.5558513 -0.5261648 0.4424440 -0.4673577
31601.120000 0.0917031 -0.0075700 1.3238184 0.5558098 -0.5260605 0.4425309 -0.4674423
31601.220000 0.0921084 -0.0076300 1.3237932 0.5558839 -0.5261257 0.4424166 -0.4673889
31601.320000 0.0916948 -0.0075594 1.3238184 0.5558443 -0.5260240 0.4425002 -0.4674713
31601.420000 0.0916732 -0.0075514 1.3238195 0.5558591 -0.5260023 0.4424891 -0.4674887
31601.520000 0.0916690 -0.0075461 1.3238195 0.5558763 -0.5259840 0.4424738 -0.4675032
31601.620000 0.0916649 -0.0075408 1.3238195 0.5558936 -0.5259658 0.4424585 -0.4675177
31601.720000 0.0916608 -0.0075356 1.3238195 0.5559106 -0.5259478 0.4424433 -0.4675320
31601.820000 0.0916566 -0.0075302 1.3238195 0.5559280 -0.5259294 0.4424278 -0.4675467
31601.920000 0.0916524 -0.0075250 1.3238195 0.5559453 -0.5259112 0.4424125 -0.4675612
31602.020000 0.0920753 -0.0075876 1.3237932 0.5560218 -0.5259799 0.4422940 -0.4675049
31602.120000 0.0920845 -0.0075844 1.3237924 0.5560409 -0.5259644 0.4422755 -0.4675172
31602.220000 0.0920803 -0.0075791 1.3237924 0.5560582 -0.5259462 0.4422602 -0.4675317
31602.320000 0.0916536 -0.0075067 1.3238184 0.5560167 -0.5258419 0.4423469 -0.4676163
31602.420000 0.0920587 -0.0075663 1.3237932 0.5560908 -0.5259070 0.4422327 -0.4675629
31602.520000 0.0916449 -0.0074961 1.3238184 0.5560512 -0.5258053 0.4423163 -0.4676453
31602.620000 0.0916233 -0.0074880 1.3238195 0.5560660 -0.5257835 0.4423052 -0.4676627
31602.720000 0.0916192 -0.0074828 1.3238195 0.5560831 -0.5257654 0.4422900 -0.4676771
31602.820000 0.0920421 -0.0075452 1.3237932 0.5561598 -0.5258340 0.4421713 -0.4676209
31602.920000 0.0920512 -0.0075419 1.3237924 0.5561789 -0.5258185 0.4421528 -0.4676332
31603.020000 0.0920470 -0.0075366 1.3237924 0.5561962 -0.5258002 0.4421374 -0.4676477
31603.121000 0.0916203 -0.0074645 1.3238184 0.5561547 -0.5256959 0.4422241 -0.4677324
31603.221000 0.0920169 -0.0075226 1.3237937 0.5562277 -0.5257593 0.4421120 -0.4676804
31603.321000 0.0920345 -0.0075207 1.3237924 0.5562480 -0.5257454 0.4420914 -0.4676913
31603.420000 0.0920304 -0.0075154 1.3237924 0.5562652 -0.5257272 0.4420760 -0.4677058
31603.520000 0.0920262 -0.0075101 1.3237924 0.5562825 -0.5257089 0.4420607 -0.4677203
31603.620000 0.0915990 -0.0074381 1.3238184 0.5562410 -0.5256045 0.4421474 -0.4678050
31603.720000 0.0915774 -0.0074300 1.3238195 0.5562558 -0.5255827 0.4421363 -0.4678224
31603.820000 0.0920003 -0.0074922 1.3237932 0.5563324 -0.5256514 0.4420178 -0.4677661
31603.920000 0.0920095 -0.0074890 1.3237924 0.5563515 -0.5256358 0.4419992 -0.4677784
31604.021000 0.0920053 -0.0074837 1.3237924 0.5563688 -0.5256176 0.4419839 -0.4677929
31604.120000 0.0915827 -0.0074125 1.3238181 0.5563277 -0.5255143 0.4420697 -0.4678767
31604.220000 0.0919835 -0.0074710 1.3237932 0.5564015 -0.5255783 0.4419564 -0.4678242
31604.320000 0.0919927 -0.0074678 1.3237924 0.5564206 -0.5255627 0.4419378 -0.4678365
31604.420000 0.0915659 -0.0073960 1.3238184 0.5563791 -0.5254584 0.4420244 -0.4679211
31604.520000 0.0915440 -0.0073880 1.3238195 0.5563937 -0.5254367 0.4420135 -0.4679385
31604.620000 0.0919667 -0.0074498 1.3237932 0.5564705 -0.5255051 0.4418949 -0.4678823
31604.721000 0.0919760 -0.0074466 1.3237924 0.5564897 -0.5254896 0.4418763 -0.4678945
31604.820000 0.0919718 -0.0074413 1.3237924 0.5565070 -0.5254713 0.4418609 -0.4679091
31604.920000 0.0919676 -0.0074360 1.3237924 0.5565242 -0.5254530 0.4418455 -0.4679236
31605.020000 0.0919634 -0.0074308 1.3237924 0.5565415 -0.5254347 0.4418301 -0.4679381
31605.120000 0.0915365 -0.0073591 1.3238184 0.5565000 -0.5253304 0.4419167 -0.4680228
31605.220000 0.0919417 -0.0074181 1.3237932 0.5565742 -0.5253954 0.4418026 -0.4679694
31605.320000 0.0919508 -0.0074149 1.3237924 0.5565933 -0.5253798 0.4417840 -0.4679817
31605.420000 0.0919466 -0.0074096 1.3237924 0.5566106 -0.5253615 0.4417686 -0.4679962
31605.520000 0.0915240 -0.0073388 1.3238181 0.5565695 -0.5252582 0.4418543 -0.4680801
31605.620000 0.0919247 -0.0073969 1.3237932 0.5566433 -0.5253221 0.4417410 -0.4680275
31605.720000 0.0919340 -0.0073938 1.3237924 0.5566625 -0.5253065 0.4417224 -0.4680398
31605.820000 0.0915109 -0.0073230 1.3238182 0.5566213 -0.5252032 0.4418082 -0.4681238
31605.920000 0.0919121 -0.0073811 1.3237932 0.5566951 -0.5252672 0.4416948 -0.4680711
31606.020000 0.0914983 -0.0073118 1.3238184 0.5566555 -0.5251655 0.4417782 -0.4681537
31606.120000 0.0919038 -0.0073705 1.3237932 0.5567297 -0.5252305 0.4416640 -0.4681002
31606.220000 0.0914899 -0.0073013 1.3238184 0.5566900 -0.5251289 0.4417474 -0.4681828
31606.321000 0.0918954 -0.0073600 1.3237932 0.5567643 -0.5251939 0.4416332 -0.4681293
31606.420000 0.0919045 -0.0073568 1.3237924 0.5567835 -0.5251783 0.4416145 -0.4681416
31606.520000 0.0919003 -0.0073516 1.3237924 0.5568006 -0.5251601 0.4415993 -0.4681560
31606.620000 0.0914689 -0.0072797 1.3238187 0.5567584 -0.5250549 0.4416869 -0.4682415
31606.720000 0.0918786 -0.0073389 1.3237932 0.5568335 -0.5251206 0.4415715 -0.4681874
31606.820000 0.0918876 -0.0073357 1.3237924 0.5568526 -0.5251049 0.4415529 -0.4681998
31606.920000 0.0914603 -0.0072645 1.3238184 0.5568110 -0.5250005 0.4416395 -0.4682846
31607.021000 0.0914386 -0.0072566 1.3238195 0.5568259 -0.5249786 0.4416283 -0.4683020
31607.121000 0.0914344 -0.0072513 1.3238195 0.5568432 -0.5249603 0.4416129 -0.4683166
31607.220000 0.0918574 -0.0073125 1.3237932 0.5569199 -0.5250289 0.4414944 -0.4682601
31607.320000 0.0914434 -0.0072435 1.3238184 0.5568802 -0.5249272 0.4415778 -0.4683428
31607.420000 0.0918489 -0.0073020 1.3237932 0.5569545 -0.5249922 0.4414636 -0.4682892
31607.520000 0.0914264 -0.0072317 1.3238190 0.5569136 -0.5248887 0.4415490 -0.4683733
31607.620000 0.0918324 -0.0072902 1.3237937 0.5569880 -0.5249538 0.4414346 -0.4683197
31607.720000 0.0914268 -0.0072226 1.3238184 0.5569494 -0.5248538 0.4415160 -0.4684009
31607.820000 0.0914047 -0.0072146 1.3238195 0.5569643 -0.5248318 0.4415048 -0.4684184
31607.920000 0.0918280 -0.0072757 1.3237932 0.5570411 -0.5249004 0.4413863 -0.4683619
31608.020000 0.0918368 -0.0072724 1.3237924 0.5570602 -0.5248847 0.4413677 -0.4683743
31608.120000 0.0914094 -0.0072016 1.3238184 0.5570186 -0.5247803 0.4414543 -0.4684592
31608.221000 0.0918150 -0.0072598 1.3237932 0.5570930 -0.5248453 0.4413401 -0.4684056
31608.321000 0.0914009 -0.0071911 1.3238184 0.5570532 -0.5247436 0.4414234 -0.4684883
31608.421000 0.0918065 -0.0072493 1.3237932 0.5571276 -0.5248085 0.4413092 -0.4684348
31608.520000 0.0918156 -0.0072461 1.3237924 0.5571467 -0.5247928 0.4412905 -0.4684471
31608.620000 0.0913885 -0.0071755 1.3238184 0.5571052 -0.5246885 0.4413770 -0.4685319
31608.720000 0.0917937 -0.0072335 1.3237932 0.5571795 -0.5247534 0.4412628 -0.4684784
31608.820000 0.0913797 -0.0071650 1.3238184 0.5571397 -0.5246517 0.4413461 -0.4685611
31608.920000 0.0913580 -0.0071570 1.3238195 0.5571546 -0.5246298 0.4413349 -0.4685786
31609.020000 0.0917812 -0.0072178 1.3237932 0.5572315 -0.5246983 0.4412164 -0.4685221
31609.121000 0.0913669 -0.0071493 1.3238184 0.5571917 -0.5245965 0.4412997 -0.4686048
31609.221000 0.0917725 -0.0072072 1.3237932 0.5572661 -0.5246614 0.4411855 -0.4685512
31609.320000 0.0917815 -0.0072040 1.3237924 0.5572852 -0.5246458 0.4411668 -0.4685636
31609.421000 0.0917773 -0.0071987 1.3237924 0.5573026 -0.5246274 0.4411514 -0.4685781
31609.520000 0.0913540 -0.0071290 1.3238182 0.5572613 -0.5245240 0.4412370 -0.4686622
31609.620000 0.0913281 -0.0071204 1.3238195 0.5572758 -0.5245010 0.4412266 -0.4686805
31609.720000 0.0913238 -0.0071152 1.3238195 0.5572931 -0.5244826 0.4412111 -0.4686951
31609.821000 0.0917469 -0.0071757 1.3237932 0.5573700 -0.5245510 0.4410927 -0.4686386
31609.921000 0.0917559 -0.0071724 1.3237924 0.5573892 -0.5245353 0.4410740 -0.4686510
31610.020000 0.0917517 -0.0071672 1.3237924 0.5574065 -0.5245169 0.4410585 -0.4686655
31610.120000 0.0917474 -0.0071619 1.3237924 0.5574238 -0.5244985 0.4410430 -0.4686801
31610.220000 0.0917431 -0.0071567 1.3237924 0.5574411 -0.5244801 0.4410276 -0.4686947
31610.321000 0.0917388 -0.0071514 1.3237924 0.5574585 -0.5244617 0.4410121 -0.4687092
31610.420000 0.0913159 -0.0070820 1.3238182 0.5574173 -0.5243584 0.4410976 -0.4687933
31610.520000 0.0912896 -0.0070734 1.3238195 0.5574317 -0.5243353 0.4410873 -0.4688117
31610.620000 0.0917126 -0.0071336 1.3237932 0.5575086 -0.5244037 0.4409688 -0.4687552
31610.720000 0.0917217 -0.0071304 1.3237924 0.5575278 -0.5243880 0.4409501 -0.4687675
31610.821000 0.0917174 -0.0071252 1.3237924 0.5575451 -0.5243696 0.4409346 -0.4687821
31610.920000 0.0917131 -0.0071199 1.3237924 0.5575624 -0.5243512 0.4409191 -0.4687967
31611.020000 0.0917088 -0.0071147 1.3237924 0.5575798 -0.5243327 0.4409036 -0.4688112
31611.120000 0.0917045 -0.0071094 1.3237924 0.5575971 -0.5243143 0.4408881 -0.4688258
31611.220000 0.0917002 -0.0071042 1.3237924 0.5576144 -0.5242959 0.4408726 -0.4688404
31611.320000 0.0916959 -0.0070989 1.3237924 0.5576318 -0.5242774 0.4408571 -0.4688550
31611.420000 0.0916916 -0.0070937 1.3237924 0.5576491 -0.5242590 0.4408416 -0.4688695
31611.521000 0.0916873 -0.0070885 1.3237924 0.5576664 -0.5242405 0.4408261 -0.4688841
31611.620000 0.0912639 -0.0070193 1.3238182 0.5576252 -0.5241371 0.4409117 -0.4689683
31611.720000 0.0912380 -0.0070108 1.3238195 0.5576397 -0.5241141 0.4409012 -0.4689866
31611.820000 0.0916568 -0.0070701 1.3237935 0.5577158 -0.5241818 0.4407840 -0.4689307
31611.920000 0.0912470 -0.0070030 1.3238184 0.5576768 -0.5240808 0.4408660 -0.4690129
31612.020000 0.0916525 -0.0070602 1.3237932 0.5577513 -0.5241456 0.4407518 -0.4689593
31612.121000 0.0916615 -0.0070570 1.3237924 0.5577705 -0.5241298 0.4407331 -0.4689716
31612.220000 0.0916572 -0.0070518 1.3237924 0.5577878 -0.5241114 0.4407175 -0.4689862
31612.320000 0.0916529 -0.0070465 1.3237924 0.5578052 -0.5240929 0.4407020 -0.4690008
31612.420000 0.0916486 -0.0070413 1.3237924 0.5578225 -0.5240744 0.4406865 -0.4690154
31612.520000 0.0912209 -0.0069718 1.3238184 0.5577808 -0.5239700 0.4407729 -0.4691004
31612.620000 0.0916266 -0.0070288 1.3237932 0.5578554 -0.5240348 0.4406587 -0.4690468
31612.720000 0.0912165 -0.0069620 1.3238182 0.5578159 -0.5239341 0.4407410 -0.4691288
31612.821000 0.0911905 -0.0069535 1.3238195 0.5578303 -0.5239113 0.4407306 -0.4691470
31612.920000 0.0911862 -0.0069483 1.3238195 0.5578478 -0.5238926 0.4407150 -0.4691617
31613.020000 0.0916093 -0.0070079 1.3237932 0.5579247 -0.5239609 0.4405965 -0.4691051
31613.121000 0.0916183 -0.0070047 1.3237924 0.5579440 -0.5239451 0.4405778 -0.4691175
31613.220000 0.0916140 -0.0069994 1.3237924 0.5579613 -0.5239267 0.4405622 -0.4691321
31613.321000 0.0916097 -0.0069942 1.3237924 0.5579787 -0.5239082 0.4405467 -0.4691467
31613.420000 0.0916053 -0.0069890 1.3237924 0.5579960 -0.5238897 0.4405312 -0.4691613
31613.520000 0.0911818 -0.0069204 1.3238182 0.5579547 -0.5237863 0.4406167 -0.4692456
31613.620000 0.0915832 -0.0069765 1.3237932 0.5580288 -0.5238500 0.4405033 -0.4691927
31613.720000 0.0915923 -0.0069733 1.3237924 0.5580481 -0.5238342 0.4404845 -0.4692051
31613.820000 0.0911604 -0.0069035 1.3238187 0.5580056 -0.5237291 0.4405720 -0.4692907
31613.920000 0.0911428 -0.0068963 1.3238195 0.5580213 -0.5237078 0.4405595 -0.4693077
31614.020000 0.0911385 -0.0068911 1.3238195 0.5580387 -0.5236893 0.4405440 -0.4693223
31614.120000 0.0915616 -0.0069503 1.3237932 0.5581157 -0.5237575 0.4404255 -0.4692657
31614.220000 0.0915706 -0.0069471 1.3237924 0.5581349 -0.5237417 0.4404068 -0.4692781
31614.320000 0.0915663 -0.0069419 1.3237924 0.5581523 -0.5237232 0.4403912 -0.4692927
31614.420000 0.0911385 -0.0068729 1.3238184 0.5581105 -0.5236188 0.4404775 -0.4693778
31614.520000 0.0911168 -0.0068652 1.3238195 0.5581253 -0.5235970 0.4404663 -0.4693952
31614.620000 0.0915400 -0.0069243 1.3237932 0.5582025 -0.5236650 0.4403477 -0.4693387
31614.720000 0.0915489 -0.0069210 1.3237924 0.5582217 -0.5236492 0.4403290 -0.4693511
31614.820000 0.0915445 -0.0069158 1.3237924 0.5582391 -0.5236307 0.4403134 -0.4693657
31614.920000 0.0915402 -0.0069106 1.3237924 0.5582564 -0.5236122 0.4402978 -0.4693803
31615.020000 0.0915359 -0.0069054 1.3237924 0.5582736 -0.5235938 0.4402824 -0.4693947
31615.120000 0.0911085 -0.0068367 1.3238184 0.5582321 -0.5234894 0.4403684 -0.4694800
31615.220000 0.0915137 -0.0068929 1.3237932 0.5583067 -0.5235539 0.4402543 -0.4694263
31615.320000 0.0910993 -0.0068262 1.3238184 0.5582668 -0.5234522 0.4403374 -0.4695093
31615.420000 0.0910774 -0.0068184 1.3238195 0.5582817 -0.5234301 0.4403260 -0.4695268
31615.520000 0.0910731 -0.0068132 1.3238195 0.5582991 -0.5234116 0.4403104 -0.4695414
31615.620000 0.0910687 -0.0068080 1.3238195 0.5583165 -0.5233931 0.4402948 -0.4695560
31615.720000 0.0910644 -0.0068029 1.3238195 0.5583337 -0.5233747 0.4402794 -0.4695705
31615.820000 0.0914874 -0.0068616 1.3237932 0.5584109 -0.5234427 0.4401609 -0.4695140
31615.921000 0.0914965 -0.0068584 1.3237924 0.5584302 -0.5234269 0.4401421 -0.4695264
31616.020000 0.0914921 -0.0068532 1.3237924 0.5584475 -0.5234084 0.4401265 -0.4695410
31616.120000 0.0914877 -0.0068480 1.3237924 0.5584649 -0.5233898 0.4401109 -0.4695556
31616.221000 0.0914834 -0.0068428 1.3237924 0.5584823 -0.5233713 0.4400953 -0.4695702
31616.320000 0.0914790 -0.0068376 1.3237924 0.5584997 -0.5233527 0.4400797 -0.4695848
31616.421000 0.0914746 -0.0068324 1.3237924 0.5585171 -0.5233342 0.4400641 -0.4695994
31616.520000 0.0914703 -0.0068272 1.3237924 0.5585343 -0.5233158 0.4400487 -0.4696139
31616.620000 0.0914659 -0.0068220 1.3237924 0.5585516 -0.5232973 0.4400331 -0.4696285
31616.720000 0.0914614 -0.0068168 1.3237924 0.5585692 -0.5232785 0.4400173 -0.4696433
31616.820000 0.0910377 -0.0067491 1.3238182 0.5585278 -0.5231751 0.4401027 -0.4697277
31616.920000 0.0914392 -0.0068043 1.3237932 0.5586021 -0.5232387 0.4399894 -0.4696748
31617.020000 0.0914483 -0.0068011 1.3237924 0.5586214 -0.5232228 0.4399705 -0.4696871
31617.120000 0.0910118 -0.0067317 1.3238190 0.5585784 -0.5231167 0.4400587 -0.4697738
31617.220000 0.0909985 -0.0067252 1.3238195 0.5585945 -0.5230963 0.4400453 -0.4697899
31617.320000 0.0914217 -0.0067835 1.3237932 0.5586716 -0.5231644 0.4399269 -0.4697332
31617.420000 0.0914307 -0.0067804 1.3237924 0.5586907 -0.5231487 0.4399082 -0.4697455
31617.520000 0.0914263 -0.0067752 1.3237924 0.5587081 -0.5231302 0.4398926 -0.4697601
31617.620000 0.0914219 -0.0067699 1.3237924 0.5587257 -0.5231114 0.4398768 -0.4697749
31617.720000 0.0914175 -0.0067647 1.3237924 0.5587431 -0.5230928 0.4398612 -0.4697895
31617.820000 0.0914131 -0.0067595 1.3237924 0.5587605 -0.5230743 0.4398456 -0.4698041
31617.920000 0.0914087 -0.0067544 1.3237924 0.5587777 -0.5230559 0.4398301 -0.4698186
31618.020000 0.0909812 -0.0066865 1.3238184 0.5587361 -0.5229514 0.4399160 -0.4699039
31618.120000 0.0913821 -0.0067413 1.3237935 0.5588103 -0.5230148 0.4398028 -0.4698511
31618.220000 0.0913954 -0.0067387 1.3237924 0.5588300 -0.5229999 0.4397831 -0.4698626
31618.320000 0.0913910 -0.0067336 1.3237924 0.5588474 -0.5229813 0.4397675 -0.4698773
31618.420000 0.0909630 -0.0066657 1.3238184 0.5588056 -0.5228769 0.4398536 -0.4699626
31618.520000 0.0913688 -0.0067212 1.3237932 0.5588804 -0.5229415 0.4397394 -0.4699088
31618.620000 0.0909583 -0.0066561 1.3238182 0.5588408 -0.5228408 0.4398215 -0.4699910
31618.720000 0.0913598 -0.0067108 1.3237932 0.5589151 -0.5229042 0.4397082 -0.4699380
31618.820000 0.0913689 -0.0067076 1.3237924 0.5589344 -0.5228884 0.4396893 -0.4699504
31618.920000 0.0909409 -0.0066399 1.3238185 0.5588926 -0.5227839 0.4397754 -0.4700357
31619.020000 0.0909190 -0.0066322 1.3238195 0.5589076 -0.5227618 0.4397640 -0.4700533
31619.120000 0.0913338 -0.0066888 1.3237937 0.5589836 -0.5228281 0.4396476 -0.4699980
31619.220000 0.0913512 -0.0066868 1.3237924 0.5590040 -0.5228140 0.4396267 -0.4700089
31619.320000 0.0913467 -0.0066816 1.3237924 0.5590214 -0.5227953 0.4396111 -0.4700236
31619.420000 0.0909145 -0.0066135 1.3238187 0.5589788 -0.5226902 0.4396983 -0.4701095
31619.520000 0.0908968 -0.0066064 1.3238195 0.5589946 -0.5226688 0.4396857 -0.4701265
31619.622000 0.0913200 -0.0066641 1.3237932 0.5590718 -0.5227368 0.4395674 -0.4700697
31619.720000 0.0909095 -0.0065993 1.3238182 0.5590322 -0.5226361 0.4396494 -0.4701520
31619.820000 0.0913110 -0.0066537 1.3237932 0.5591066 -0.5226995 0.4395361 -0.4700990
31619.921000 0.0913201 -0.0066505 1.3237924 0.5591259 -0.5226836 0.4395172 -0.4701114
31620.020000 0.0913156 -0.0066454 1.3237924 0.5591433 -0.5226650 0.4395015 -0.4701260
31620.120000 0.0908879 -0.0065781 1.3238184 0.5591015 -0.5225607 0.4395875 -0.4702114
31620.220000 0.0912934 -0.0066330 1.3237932 0.5591762 -0.5226251 0.4394734 -0.4701576
31620.320000 0.0913023 -0.0066299 1.3237924 0.5591953 -0.5226093 0.4394547 -0.4701698
31620.420000 0.0912978 -0.0066246 1.3237924 0.5592129 -0.5225905 0.4394389 -0.4701846
31620.520000 0.0908701 -0.0065575 1.3238184 0.5591711 -0.5224862 0.4395248 -0.4702699
31620.620000 0.0912755 -0.0066123 1.3237932 0.5592459 -0.5225505 0.4394107 -0.4702161
31620.720000 0.0912844 -0.0066091 1.3237924 0.5592651 -0.5225346 0.4393919 -0.4702285
31620.820000 0.0908563 -0.0065420 1.3238185 0.5592233 -0.5224302 0.4394779 -0.4703139
31620.920000 0.1023490 -0.0122955 1.3240449 0.5411615 -0.5401381 0.4553334 -0.4561431
31621.021000 0.1024018 -0.0123712 1.3240648 -0.5405715 0.5406029 -0.4558857 0.4557403
31621.121000 0.1024211 -0.0123626 1.3240625 0.5405875 -0.5405850 0.4558739 -0.4557544
31621.220000 0.1024511 -0.0123570 1.3240595 0.5406068 -0.5405709 0.4558567 -0.4557654
31621.320000 0.1024790 -0.0123514 1.3240567 0.5406272 -0.5405577 0.4558383 -0.4557753
31621.420000 0.1025052 -0.0123457 1.3240539 0.5406484 -0.5405451 0.4558189 -0.4557844
