32536.173000 0.0928147 -0.0124169 1.3240379 0.5407538 -0.5405716 0.4556742 -0.4557726
32536.173000 0.0928147 -0.0124169 1.3240379 0.5407538 -0.5405716 0.4556742 -0.4557726
32536.223000 0.0928147 -0.0124169 1.3240379 0.5407538 -0.5405716 0.4556742 -0.4557726
32536.322000 0.0928689 -0.0124155 1.3240334 0.5407753 -0.5405600 0.4556531 -0.4557820
32536.422000 0.0924880 -0.0123207 1.3240552 0.5407394 -0.5404593 0.4557379 -0.4558591
32536.522000 0.0924900 -0.0123094 1.3240539 0.5407563 -0.5404406 0.4557260 -0.4558733
32536.622000 0.0925163 -0.0123037 1.3240512 0.5407774 -0.5404280 0.4557067 -0.4558824
32536.722000 0.0929558 -0.0123879 1.3240235 0.5408549 -0.5405031 0.4555837 -0.4558243
32536.822000 0.0930016 -0.0123870 1.3240195 0.5408799 -0.5404962 0.4555579 -0.4558287
32536.922000 0.0926181 -0.0122935 1.3240415 0.5408474 -0.5403997 0.4556381 -0.4559014
32537.022000 0.0930237 -0.0123708 1.3240159 0.5409218 -0.5404690 0.4555217 -0.4558474
32537.122000 0.0926603 -0.0122820 1.3240367 0.5408925 -0.5403774 0.4555962 -0.4559163
32537.222000 0.0930650 -0.0123594 1.3240112 0.5409672 -0.5404470 0.4554794 -0.4558619
32537.322000 0.0931066 -0.0123586 1.3240075 0.5409927 -0.5404408 0.4554529 -0.4558655
32537.422000 0.0927184 -0.0122651 1.3240300 0.5409604 -0.5403443 0.4555328 -0.4559382
32537.522000 0.0931170 -0.0123423 1.3240049 0.5410341 -0.5404129 0.4554173 -0.4558850
32537.622000 0.0931743 -0.0123414 1.3239998 0.5410637 -0.5404105 0.4553859 -0.4558840
32537.722000 0.0931876 -0.0123357 1.3239981 0.5410854 -0.5403984 0.4553660 -0.4558925
32537.822000 0.0932039 -0.0123300 1.3239961 0.5411077 -0.5403870 0.4553453 -0.4559002
32537.922000 0.0932206 -0.0123243 1.3239941 0.5411302 -0.5403758 0.4553244 -0.4559077
32538.022000 0.0932372 -0.0123186 1.3239921 0.5411526 -0.5403645 0.4553035 -0.4559152
32538.122000 0.0932536 -0.0123129 1.3239901 0.5411750 -0.5403532 0.4552827 -0.4559228
32538.222000 0.0932697 -0.0123072 1.3239881 0.5411974 -0.5403419 0.4552620 -0.4559305
32538.323000 0.0932855 -0.0123015 1.3239861 0.5412196 -0.5403305 0.4552413 -0.4559382
32538.422000 0.0933010 -0.0122958 1.3239842 0.5412418 -0.5403190 0.4552208 -0.4559460
32538.522000 0.0933163 -0.0122900 1.3239823 0.5412640 -0.5403074 0.4552003 -0.4559539
32538.622000 0.0929210 -0.0121961 1.3240054 0.5412308 -0.5402097 0.4552817 -0.4560278
32538.722000 0.0933156 -0.0122721 1.3239805 0.5413039 -0.5402777 0.4551671 -0.4559748
32538.822000 0.0933602 -0.0122729 1.3239769 0.5413297 -0.5402724 0.4551395 -0.4559780
32538.922000 0.0933742 -0.0122672 1.3239751 0.5413517 -0.5402603 0.4551192 -0.4559864
32539.023000 0.0929773 -0.0121732 1.3239983 0.5413181 -0.5401622 0.4552011 -0.4560607
32539.122000 0.0933794 -0.0122510 1.3239730 0.5413921 -0.5402317 0.4550847 -0.4560067
32539.222000 0.0930000 -0.0121610 1.3239951 0.5413606 -0.5401374 0.4551625 -0.4560782
32539.322000 0.0934058 -0.0122396 1.3239696 0.5414353 -0.5402075 0.4550451 -0.4560239
32539.422000 0.0934403 -0.0122385 1.3239666 0.5414596 -0.5401998 0.4550200 -0.4560291
32539.522000 0.0934528 -0.0122329 1.3239650 0.5414808 -0.5401876 0.4550005 -0.4560377
32539.622000 0.0934649 -0.0122271 1.3239634 0.5415023 -0.5401750 0.4549809 -0.4560467
32539.722000 0.0930662 -0.0121333 1.3239868 0.5414682 -0.5400764 0.4550634 -0.4561217
32539.822000 0.0934665 -0.0122109 1.3239617 0.5415417 -0.5401454 0.4549476 -0.4560682
32539.922000 0.0935000 -0.0122099 1.3239588 0.5415658 -0.5401374 0.4549229 -0.4560738
32540.022000 0.0935111 -0.0122042 1.3239573 0.5415868 -0.5401247 0.4549037 -0.4560830
32540.122000 0.0931155 -0.0121114 1.3239806 0.5415528 -0.5400268 0.4549856 -0.4561575
32540.222000 0.0930962 -0.0120992 1.3239810 0.5415698 -0.5400076 0.4549739 -0.4561718
32540.322000 0.0935212 -0.0121823 1.3239543 0.5416465 -0.5400816 0.4548521 -0.4561146
32540.422000 0.0931429 -0.0120934 1.3239766 0.5416148 -0.5399872 0.4549297 -0.4561866
32540.522000 0.0935415 -0.0121708 1.3239515 0.5416879 -0.5400556 0.4548144 -0.4561337
32540.622000 0.0935734 -0.0121698 1.3239488 0.5417115 -0.5400472 0.4547902 -0.4561398
32540.722000 0.0935830 -0.0121641 1.3239475 0.5417321 -0.5400341 0.4547716 -0.4561495
32540.822000 0.0931817 -0.0120705 1.3239712 0.5416972 -0.5399348 0.4548549 -0.4562253
32540.922000 0.0935795 -0.0121479 1.3239462 0.5417701 -0.5400030 0.4547400 -0.4561727
32541.022000 0.0932039 -0.0120600 1.3239684 0.5417385 -0.5399093 0.4548171 -0.4562443
32541.122000 0.0931828 -0.0120479 1.3239690 0.5417548 -0.5398896 0.4548061 -0.4562591
32541.222000 0.0936060 -0.0121307 1.3239425 0.5418311 -0.5399629 0.4546848 -0.4562026
32541.322000 0.0932256 -0.0120420 1.3239650 0.5417989 -0.5398680 0.4547630 -0.4562753
32541.422000 0.0936224 -0.0121192 1.3239401 0.5418715 -0.5399359 0.4546484 -0.4562229
32541.522000 0.0936524 -0.0121182 1.3239376 0.5418946 -0.5399269 0.4546248 -0.4562296
32541.623000 0.0936602 -0.0121124 1.3239364 0.5419147 -0.5399132 0.4546067 -0.4562400
32541.722000 0.0932572 -0.0120192 1.3239603 0.5418793 -0.5398135 0.4546906 -0.4563164
32541.822000 0.0936532 -0.0120963 1.3239355 0.5419517 -0.5398812 0.4545763 -0.4562643
32541.922000 0.0936825 -0.0120952 1.3239330 0.5419746 -0.5398720 0.4545529 -0.4562712
32542.022000 0.0932830 -0.0120030 1.3239568 0.5419394 -0.5397731 0.4546361 -0.4563471
32542.122000 0.0932600 -0.0119909 1.3239575 0.5419552 -0.5397530 0.4546257 -0.4563625
32542.222000 0.0932667 -0.0119852 1.3239565 0.5419750 -0.5397390 0.4546080 -0.4563731
32542.322000 0.0936799 -0.0120659 1.3239306 0.5420497 -0.5398101 0.4544894 -0.4563186
32542.422000 0.0937163 -0.0120666 1.3239278 0.5420733 -0.5398024 0.4544645 -0.4563244
32542.522000 0.0933121 -0.0119736 1.3239518 0.5420377 -0.5397023 0.4545486 -0.4564014
32542.622000 0.0937066 -0.0120504 1.3239271 0.5421097 -0.5397694 0.4544348 -0.4563498
32542.722000 0.0933239 -0.0119621 1.3239499 0.5420768 -0.5396739 0.4545137 -0.4564232
32542.822000 0.0937183 -0.0120389 1.3239252 0.5421487 -0.5397410 0.4543999 -0.4563717
32542.922000 0.0937460 -0.0120379 1.3239229 0.5421711 -0.5397314 0.4543771 -0.4563791
32543.022000 0.0933408 -0.0119450 1.3239471 0.5421351 -0.5396311 0.4544617 -0.4564563
32543.122000 0.0933202 -0.0119338 1.3239478 0.5421510 -0.5396113 0.4544509 -0.4564716
32543.222000 0.0937399 -0.0120160 1.3239215 0.5422263 -0.5396837 0.4543309 -0.4564161
32543.322000 0.0937670 -0.0120149 1.3239193 0.5422485 -0.5396739 0.4543082 -0.4564237
32543.422000 0.0937719 -0.0120092 1.3239184 0.5422678 -0.5396594 0.4542911 -0.4564350
32543.522000 0.0933660 -0.0119164 1.3239427 0.5422316 -0.5395590 0.4543759 -0.4565124
32543.622000 0.0937593 -0.0119931 1.3239181 0.5423032 -0.5396258 0.4542625 -0.4564612
32543.722000 0.0933752 -0.0119050 1.3239410 0.5422699 -0.5395298 0.4543419 -0.4565352
32543.822000 0.0937681 -0.0119816 1.3239164 0.5423414 -0.5395965 0.4542286 -0.4564840
32543.922000 0.0937945 -0.0119806 1.3239143 0.5423633 -0.5395866 0.4542064 -0.4564919
32544.022000 0.0937985 -0.0119748 1.3239135 0.5423825 -0.5395718 0.4541894 -0.4565035
32544.122000 0.0933919 -0.0118822 1.3239378 0.5423461 -0.5394711 0.4542744 -0.4565812
32544.222000 0.0937843 -0.0119587 1.3239133 0.5424175 -0.5395377 0.4541613 -0.4565302
32544.322000 0.0938102 -0.0119577 1.3239112 0.5424392 -0.5395276 0.4541393 -0.4565382
32544.422000 0.0938138 -0.0119519 1.3239104 0.5424581 -0.5395128 0.4541226 -0.4565499
32544.522000 0.0938173 -0.0119461 1.3239097 0.5424771 -0.5394978 0.4541058 -0.4565618
32544.622000 0.0938207 -0.0119404 1.3239090 0.5424960 -0.5394828 0.4540892 -0.4565735
32544.722000 0.0938239 -0.0119347 1.3239083 0.5425148 -0.5394679 0.4540726 -0.4565853
32544.823000 0.0938271 -0.0119289 1.3239076 0.5425335 -0.5394529 0.4540561 -0.4565972
32544.922000 0.0938302 -0.0119232 1.3239069 0.5425523 -0.5394379 0.4540396 -0.4566090
32545.022000 0.0938331 -0.0119175 1.3239062 0.5425710 -0.5394229 0.4540231 -0.4566210
32545.122000 0.0938360 -0.0119118 1.3239056 0.5425896 -0.5394078 0.4540067 -0.4566329
32545.222000 0.0934239 -0.0118186 1.3239303 0.5425521 -0.5393061 0.4540932 -0.4567116
32545.322000 0.0938195 -0.0118957 1.3239056 0.5426239 -0.5393730 0.4539794 -0.4566604
32545.422000 0.0938439 -0.0118946 1.3239037 0.5426455 -0.5393624 0.4539576 -0.4566690
32545.522000 0.0938463 -0.0118888 1.3239030 0.5426640 -0.5393472 0.4539413 -0.4566810
32545.622000 0.0938486 -0.0118831 1.3239024 0.5426826 -0.5393320 0.4539251 -0.4566932
32545.722000 0.0934402 -0.0117909 1.3239270 0.5426456 -0.5392309 0.4540106 -0.4567715
32545.822000 0.0938310 -0.0118670 1.3239026 0.5427166 -0.5392969 0.4538981 -0.4567211
32545.922000 0.0938551 -0.0118660 1.3239006 0.5427378 -0.5392864 0.4538766 -0.4567296
32546.022000 0.0938570 -0.0118602 1.3239001 0.5427564 -0.5392709 0.4538603 -0.4567419
32546.122000 0.0934482 -0.0117681 1.3239247 0.5427193 -0.5391696 0.4539460 -0.4568204
32546.223000 0.0938386 -0.0118441 1.3239003 0.5427902 -0.5392355 0.4538336 -0.4567701
32546.322000 0.0938624 -0.0118431 1.3238984 0.5428114 -0.5392249 0.4538122 -0.4567787
32546.422000 0.0938639 -0.0118373 1.3238979 0.5428298 -0.5392093 0.4537960 -0.4567912
32546.522000 0.0934588 -0.0117462 1.3239223 0.5427931 -0.5391090 0.4538809 -0.4568690
32546.622000 0.0934302 -0.0117342 1.3239236 0.5428074 -0.5390871 0.4538722 -0.4568864
32546.722000 0.0934316 -0.0117285 1.3239230 0.5428257 -0.5390716 0.4538563 -0.4568989
32546.822000 0.0938475 -0.0118098 1.3238971 0.5428999 -0.5391428 0.4537377 -0.4568445
32546.922000 0.0938707 -0.0118087 1.3238953 0.5429211 -0.5391318 0.4537163 -0.4568534
32547.022000 0.0938718 -0.0118030 1.3238948 0.5429393 -0.5391162 0.4537004 -0.4568660
32547.122000 0.0938729 -0.0117973 1.3238943 0.5429575 -0.5391006 0.4536846 -0.4568785
32547.222000 0.0938738 -0.0117915 1.3238938 0.5429756 -0.5390850 0.4536688 -0.4568911
32547.322000 0.0938747 -0.0117858 1.3238934 0.5429937 -0.5390694 0.4536530 -0.4569037
32547.423000 0.0938755 -0.0117801 1.3238929 0.5430118 -0.5390537 0.4536372 -0.4569163
32547.522000 0.0934655 -0.0116884 1.3239176 0.5429744 -0.5389522 0.4537232 -0.4569952
32547.622000 0.0938549 -0.0117640 1.3238934 0.5430450 -0.5390177 0.4536112 -0.4569452
32547.722000 0.0938775 -0.0117629 1.3238916 0.5430660 -0.5390066 0.4535901 -0.4569543
32547.822000 0.0938781 -0.0117573 1.3238911 0.5430839 -0.5389910 0.4535745 -0.4569669
32547.922000 0.0938785 -0.0117515 1.3238907 0.5431020 -0.5389751 0.4535587 -0.4569798
32548.022000 0.0934641 -0.0116591 1.3239157 0.5430638 -0.5388728 0.4536459 -0.4570593
32548.122000 0.0938574 -0.0117355 1.3238912 0.5431350 -0.5389390 0.4535329 -0.4570089
32548.222000 0.0938795 -0.0117344 1.3238895 0.5431559 -0.5389277 0.4535119 -0.4570181
32548.322000 0.0934648 -0.0116421 1.3239145 0.5431176 -0.5388253 0.4535991 -0.4570978
32548.422000 0.0938539 -0.0117176 1.3238903 0.5431881 -0.5388907 0.4534873 -0.4570479
32548.522000 0.0934694 -0.0116316 1.3239135 0.5431542 -0.5387943 0.4535668 -0.4571229
32548.622000 0.0934432 -0.0116204 1.3239147 0.5431685 -0.5387729 0.4535578 -0.4571400
32548.722000 0.0938578 -0.0117012 1.3238889 0.5432424 -0.5388437 0.4534397 -0.4570860
32548.822000 0.0934690 -0.0116144 1.3239124 0.5432077 -0.5387465 0.4535204 -0.4571617
32548.922000 0.0938575 -0.0116898 1.3238882 0.5432781 -0.5388118 0.4534087 -0.4571119
32549.022000 0.0938794 -0.0116887 1.3238865 0.5432989 -0.5388004 0.4533878 -0.4571213
32549.122000 0.0938791 -0.0116830 1.3238861 0.5433167 -0.5387844 0.4533724 -0.4571343
32549.222000 0.0938788 -0.0116773 1.3238858 0.5433344 -0.5387684 0.4533570 -0.4571473
32549.322000 0.0938784 -0.0116715 1.3238854 0.5433522 -0.5387524 0.4533416 -0.4571604
32549.422000 0.0938779 -0.0116658 1.3238851 0.5433700 -0.5387364 0.4533262 -0.4571734
32549.522000 0.0938775 -0.0116601 1.3238848 0.5433877 -0.5387203 0.4533109 -0.4571865
32549.623000 0.0938769 -0.0116544 1.3238845 0.5434054 -0.5387043 0.4532956 -0.4571995
32549.722000 0.0938763 -0.0116487 1.3238841 0.5434231 -0.5386882 0.4532802 -0.4572126
32549.822000 0.0938757 -0.0116430 1.3238838 0.5434408 -0.5386721 0.4532649 -0.4572257
32549.923000 0.0934641 -0.0115520 1.3239087 0.5434029 -0.5385702 0.4533513 -0.4573052
32550.022000 0.0934375 -0.0115409 1.3239100 0.5434171 -0.5385486 0.4533424 -0.4573225
32550.122000 0.0938514 -0.0116213 1.3238843 0.5434908 -0.5386191 0.4532246 -0.4572687
32550.222000 0.0934535 -0.0115332 1.3239083 0.5434548 -0.5385200 0.4533076 -0.4573460
32550.323000 0.0934350 -0.0115239 1.3239091 0.5434698 -0.5385003 0.4532968 -0.4573619
32550.422000 0.0934340 -0.0115182 1.3239089 0.5434876 -0.5384840 0.4532815 -0.4573752
32550.523000 0.0938437 -0.0115977 1.3238834 0.5435606 -0.5385537 0.4531648 -0.4573220
32550.622000 0.0938688 -0.0115974 1.3238815 0.5435819 -0.5385428 0.4531430 -0.4573312
32550.722000 0.0934569 -0.0115066 1.3239064 0.5435439 -0.5384408 0.4532295 -0.4574107
32550.822000 0.0938446 -0.0115814 1.3238823 0.5436140 -0.5385057 0.4531181 -0.4573612
32550.922000 0.0938655 -0.0115803 1.3238807 0.5436346 -0.5384941 0.4530975 -0.4573710
32551.022000 0.0938643 -0.0115746 1.3238804 0.5436521 -0.5384778 0.4530824 -0.4573843
32551.122000 0.0938631 -0.0115689 1.3238802 0.5436696 -0.5384616 0.4530673 -0.4573976
32551.222000 0.0938619 -0.0115632 1.3238799 0.5436871 -0.5384453 0.4530522 -0.4574109
32551.323000 0.0938606 -0.0115575 1.3238797 0.5437046 -0.5384290 0.4530371 -0.4574242
32551.422000 0.0938592 -0.0115518 1.3238794 0.5437221 -0.5384127 0.4530220 -0.4574376
32551.522000 0.0934469 -0.0114612 1.3239044 0.5436840 -0.5383106 0.4531085 -0.4575173
32551.622000 0.0938343 -0.0115359 1.3238803 0.5437541 -0.5383754 0.4529973 -0.4574678
32551.722000 0.0938550 -0.0115348 1.3238787 0.5437746 -0.5383637 0.4529768 -0.4574777
32551.822000 0.0938535 -0.0115291 1.3238785 0.5437920 -0.5383473 0.4529617 -0.4574911
32551.922000 0.0934327 -0.0114368 1.3239040 0.5437527 -0.5382435 0.4530504 -0.4575722
32552.022000 0.0934135 -0.0114275 1.3239049 0.5437678 -0.5382234 0.4530397 -0.4575884
32552.122000 0.0938267 -0.0115074 1.3238792 0.5438413 -0.5382936 0.4529221 -0.4575349
32552.222000 0.0938472 -0.0115064 1.3238776 0.5438616 -0.5382819 0.4529018 -0.4575446
32552.322000 0.0934389 -0.0114168 1.3239024 0.5438240 -0.5381807 0.4529874 -0.4576237
32552.422000 0.0934069 -0.0114049 1.3239040 0.5438372 -0.5381579 0.4529799 -0.4576421
32552.522000 0.0938202 -0.0114848 1.3238784 0.5439110 -0.5382280 0.4528622 -0.4575887
32552.622000 0.0938403 -0.0114836 1.3238768 0.5439311 -0.5382162 0.4528419 -0.4575985
32552.723000 0.0938386 -0.0114779 1.3238766 0.5439485 -0.5381998 0.4528270 -0.4576120
32552.822000 0.0938367 -0.0114722 1.3238764 0.5439660 -0.5381832 0.4528119 -0.4576256
32552.922000 0.0938348 -0.0114665 1.3238762 0.5439834 -0.5381667 0.4527970 -0.4576391
32553.022000 0.0934137 -0.0113746 1.3239018 0.5439440 -0.5380627 0.4528857 -0.4577204
32553.122000 0.0938054 -0.0114499 1.3238774 0.5440144 -0.5381285 0.4527736 -0.4576702
32553.222000 0.0938291 -0.0114495 1.3238757 0.5440354 -0.5381172 0.4527523 -0.4576797
32553.322000 0.0938271 -0.0114438 1.3238755 0.5440527 -0.5381007 0.4527374 -0.4576933
32553.422000 0.0938251 -0.0114381 1.3238753 0.5440700 -0.5380842 0.4527225 -0.4577069
32553.522000 0.0938231 -0.0114324 1.3238751 0.5440873 -0.5380677 0.4527076 -0.4577205
32553.623000 0.0938211 -0.0114267 1.3238750 0.5441046 -0.5380511 0.4526927 -0.4577340
32553.722000 0.0933997 -0.0113350 1.3239006 0.5440652 -0.5379471 0.4527815 -0.4578154
32553.822000 0.0937952 -0.0114109 1.3238760 0.5441363 -0.5380135 0.4526684 -0.4577647
32553.923000 0.0934037 -0.0113254 1.3238997 0.5441008 -0.5379157 0.4527497 -0.4578413
32554.022000 0.0933757 -0.0113145 1.3239011 0.5441144 -0.5378939 0.4527414 -0.4578590
32554.122000 0.0937881 -0.0113938 1.3238755 0.5441880 -0.5379637 0.4526240 -0.4578057
32554.222000 0.0933972 -0.0113084 1.3238992 0.5441526 -0.5378660 0.4527052 -0.4578822
32554.322000 0.0933690 -0.0112975 1.3239007 0.5441663 -0.5378440 0.4526968 -0.4579000
32554.423000 0.0933667 -0.0112918 1.3239005 0.5441836 -0.5378274 0.4526820 -0.4579137
32554.522000 0.0937794 -0.0113711 1.3238749 0.5442570 -0.5378973 0.4525647 -0.4578603
32554.622000 0.0937991 -0.0113700 1.3238734 0.5442772 -0.5378853 0.4525444 -0.4578704
32554.722000 0.0937968 -0.0113643 1.3238733 0.5442944 -0.5378687 0.4525297 -0.4578840
32554.822000 0.0933834 -0.0112746 1.3238984 0.5442560 -0.5377663 0.4526164 -0.4579642
32554.922000 0.0933551 -0.0112636 1.3238998 0.5442697 -0.5377443 0.4526081 -0.4579821
32555.022000 0.0933527 -0.0112580 1.3238997 0.5442869 -0.5377276 0.4525933 -0.4579958
32555.122000 0.0933503 -0.0112523 1.3238996 0.5443041 -0.5377110 0.4525785 -0.4580095
32555.222000 0.0937628 -0.0113315 1.3238739 0.5443774 -0.5377808 0.4524612 -0.4579561
32555.322000 0.0933714 -0.0112463 1.3238977 0.5443419 -0.5376831 0.4525426 -0.4580327
32555.422000 0.0937579 -0.0113201 1.3238737 0.5444118 -0.5377475 0.4524318 -0.4579835
32555.522000 0.1029531 -0.0123762 1.3239644 0.5410061 -0.5405326 0.4554198 -0.4557737
32555.622000 0.1033097 -0.0123553 1.3239863 0.5407441 -0.5406535 0.4556969 -0.4556643
32555.722000 0.1037295 -0.0124338 1.3239596 0.5408150 -0.5407203 0.4555842 -0.4556135
